0.000048
0.000093
0.000155
0.000218
0.000143
0.000177
0.000203
0.000242
0.000362
0.000516
0.000567
0.000586
0.000569
0.000631
0.000657
0.000698
0.000683
0.000690
0.000744
0.000771
0.000717
0.000752
0.000779
0.000820
0.000872
0.000801
0.000850
0.000862
0.000915
0.000863
0.000874
0.000907
0.000951
0.000898
0.000914
0.000974
0.000954
0.000993
0.000958
0.000952
0.001018
0.001033
0.001050
0.001080
0.001104
0.001113
0.001145
0.001199
0.001219
0.001222
0.001263
0.001281
0.001335
0.001342
0.001397
0.001407
0.001442
0.001453
0.001513
0.001518
0.001543
0.001585
0.001611
0.001608
0.001681
0.001737
0.001709
0.001699
0.001784
0.001779
0.001849
0.001853
0.001848
0.001882
0.001971
0.001988
0.001985
0.002050
0.002065
0.002071
0.002155
0.002189
0.002207
0.002205
0.002264
0.002292
0.002291
0.002357
0.002379
0.002399
0.002392
0.002486
0.002475
0.002529
0.002577
0.002578
0.002659
0.002633
0.002662
0.002722
0.002750
0.002732
0.002804
0.002807
0.002843
0.002882
0.002926
0.002898
0.002989
0.002988
0.002991
0.003110
0.003096
0.003180
0.003157
0.003212
0.003258
0.003263
0.003345
0.003309
0.003360
0.003364
0.003434
0.003447
0.003541
0.003531
0.003535
0.003566
0.003634
0.003608
0.003589
0.003645
0.003761
0.003777
0.003814
0.003882
0.003908
0.003909
0.003988
0.004031
0.004006
0.004074
0.004177
0.004207
0.004091
0.004177
0.004184
0.004386
0.004297
0.004410
0.004340
0.004359
0.004441
0.004383
0.004684
0.004472
0.004585
0.004611
0.004620
0.004799
0.004805
0.004671
0.004746
0.004772
0.004790
0.004863
0.004870
0.005017
0.005031
0.004956
0.005088
0.005007
0.005157
0.005212
0.005073
0.005247
0.005269
0.005169
0.005222
0.005369
0.005397
0.005347
0.005397
0.005359
0.005455
0.005533
0.005497
0.005632
0.005592
0.005672
0.005670
0.005676
0.005588
0.005821
0.005791
0.005874
0.005739
0.005856
0.005923
0.005935
0.006028
0.006070
0.006027
0.006062
0.006013
0.006246
0.006240
0.006313
0.006131
0.006340
0.006320
0.006303
0.006360
0.006405
0.006425
0.006525
0.006435
0.006584
0.006613
0.006661
0.006838
0.006812
0.006714
0.006740
0.006662
0.006841
0.006936
0.007052
0.006914
0.007224
0.007012
0.007023
0.007179
0.007139
0.007343
0.007356
0.007387
0.007318
0.007700
0.007654
0.007555
0.007554
0.007451
0.007662
0.007541
0.007815
0.007868
0.007546
0.007548
0.007672
0.007907
0.007667
0.007794
0.007940
0.007812
0.007964
0.007959
0.008082
0.007895
0.008051
0.008177
0.008127
0.007938
0.008081
0.008308
0.008136
0.008369
0.008266
0.008214
0.008540
0.008219
0.008730
0.008537
0.008445
0.008641
0.008534
0.008485
0.008663
0.008445
0.008626
0.008582
0.008830
0.008846
0.008945
0.008783
0.008930
0.008897
0.009024
0.009019
0.008993
0.009099
0.009133
0.009098
0.009139
0.009028
0.009376
0.009151
0.009530
0.009333
0.009399
0.009429
0.009492
0.009506
0.009544
0.009536
0.009687
0.009730
0.009788
0.009524
0.009744
0.009752
0.009854
0.009817
0.009997
0.009844
0.010043
0.010090
0.009999
0.010261
0.010539
0.010460
0.010371
0.010432
0.010556
0.010760
0.010614
0.010590
0.010497
0.010670
0.010463
0.010494
0.010632
0.010586
0.010518
0.010672
0.010850
0.010912
0.010924
0.010917
0.010721
0.010936
0.010805
0.011161
0.011074
0.010984
0.011004
0.011240
0.011243
0.010982
0.011293
0.011187
0.011391
0.011553
0.011563
0.011582
0.011481
0.011361
0.011593
0.011557
0.011622
0.011624
0.011808
0.011758
0.012446
0.011736
0.011726
0.011714
0.011563
0.012122
0.011825
0.011715
0.012057
0.012143
0.012084
0.011953
0.012873
0.012381
0.013040
0.012660
0.012791
0.012792
0.013081
0.013189
0.013275
0.013644
0.013294
0.013368
0.013146
0.013214
0.013733
0.013352
0.013585
0.013411
0.013277
0.015099
0.013598
0.013651
0.013381
0.013083
0.013747
0.013553
0.013667
0.013844
0.013372
0.013728
0.013826
0.014184
0.013913
0.014073
0.014336
0.014052
0.014042
0.014570
0.014571
0.014078
0.013864
0.014274
0.014223
0.014046
0.014384
0.014034
0.014076
0.014647
0.014434
0.014683
0.014596
0.014244
0.014716
0.014793
0.014556
0.014409
0.014346
0.014444
0.014281
0.014774
0.015130
0.014653
0.015157
0.014673
0.014978
0.015272
0.015355
0.014818
0.015167
0.014844
0.014953
0.015038
0.014815
0.016030
0.016093
0.015929
0.015611
0.015241
0.015628
0.015943
0.015735
0.015903
0.015591
0.015776
0.015652
0.016339
0.016534
0.016374
0.015897
0.016012
0.016064
0.016631
0.016296
0.016335
0.015836
0.015822
0.015716
0.015950
0.016503
0.015936
0.016242
0.016730
0.017010
0.016588
0.016379
0.016626
0.016848
0.016874
0.017017
0.016799
0.016328
0.017091
0.016603
0.017095
0.016629
0.016998
0.017380
0.017720
0.017143
0.017210
0.016739
0.017185
0.016844
0.017179
0.017902
0.017572
0.017138
0.017546
0.018454
0.017739
0.017377
0.017698
0.017940
0.017777
0.018372
0.017856
0.018560
0.017477
0.018147
0.017279
0.018408
0.017681
0.018276
0.018187
0.017720
0.018113
0.018322
0.018677
0.018150
0.017810
0.018214
0.018653
0.018519
0.018202
0.017913
0.018608
0.018247
0.018974
0.018387
0.018591
0.018794
0.019275
0.018651
0.020030
0.019396
0.018616
0.019413
0.019297
0.019435
0.019816
0.019280
0.019568
0.018729
0.018736
0.019886
0.019219
0.019757
0.019662
0.019860
0.019766
0.019287
0.019325
0.020333
0.019883
0.019809
0.019797
0.019787
0.019713
0.020020
0.020145
0.019589
0.020067
0.020552
0.020559
0.019776
0.020326
0.020110
0.021241
0.020493
0.020283
0.020774
0.019915
0.020554
0.020262
0.020328
0.020754
0.021610
0.020517
0.021059
0.021267
0.020487
0.020579
0.021821
0.021243
0.021348
0.020875
0.021240
0.021943
0.021717
0.021098
0.020527
0.021097
0.021404
0.020956
0.021006
0.020787
0.021096
0.021416
0.021751
0.022823
0.021527
0.022076
0.021664
0.021904
0.022108
0.022197
0.021912
0.021690
0.022557
0.021460
0.022364
0.022059
0.022098
0.021594
0.022891
0.021900
0.022848
0.022546
0.022838
0.022345
0.021797
0.022637
0.023016
0.022859
0.022322
0.022236
0.023177
0.023736
0.023146
0.023344
0.022591
0.021921
0.023238
0.023571
0.023487
0.023213
0.024051
0.024032
0.023133
0.023366
0.023600
0.023248
0.023939
0.022890
0.023786
0.024736
0.023106
0.023636
0.024043
0.023582
0.024461
0.023502
0.024330
0.024003
0.025199
0.023246
0.023357
0.024388
0.024417
0.024670
0.024003
0.024091
0.024072
0.023704
0.024423
0.025042
0.024961
0.024597
0.024589
0.024421
0.025197
0.024744
0.024362
0.025412
0.025477
0.025072
0.024570
0.024932
0.024093
0.026489
0.024815
0.025939
0.025162
0.025781
0.025567
0.026303
0.025828
0.024513
0.025732
0.026828
0.026177
0.025954
0.027034
0.026296
0.028570
0.029283
0.025801
0.025989
0.025846
0.026325
0.024965
0.026450
0.026213
0.027570
0.026232
0.025777
0.026088
0.027486
0.026905
0.026641
0.026839
0.027373
0.026196
0.025960
0.026668
0.026760
0.027585
0.026926
0.027225
0.026527
0.027366
0.027365
0.027713
0.027353
0.027300
0.028071
0.027435
0.027099
0.027688
0.027959
0.027323
0.026985
0.026853
0.028360
0.027688
0.027934
0.027757
0.027979
0.027426
0.027789
0.027596
0.027219
0.028724
0.028419
0.028628
0.028508
0.028600
0.027376
0.027961
0.028672
0.028304
0.027366
0.027924
0.028169
0.029249
0.028658
0.028902
0.027928
0.027904
0.027454
0.029238
0.028947
0.029022
0.028320
0.029173
0.029853
0.030015
0.029429
0.030591
0.029254
0.028764
0.029598
0.028514
0.029511
0.030565
0.029065
0.030358
0.028845
0.029122
0.029362
0.029855
0.030305
0.029457
0.029334
0.029814
0.029778
0.030046
0.030919
0.030622
0.029848
0.030982
0.030103
0.030119
0.030680
0.031106
0.030295
0.029945
0.030075
0.031025
0.031212
0.030754
0.031228
0.032103
0.030260
0.031210
0.030435
0.030871
0.031776
0.029926
0.031300
0.030109
0.031679
0.030901
0.031434
0.030920
0.030963
0.030729
0.030577
0.030461
0.029579
0.032027
0.031371
0.030793
0.030572
0.031921
0.030631
0.032175
0.031067
0.031035
0.032578
0.032579
0.031861
0.030650
0.032152
0.031666
0.031717
0.032438
0.032134
0.032553
0.032473
0.033148
0.032110
0.033116
0.031694
0.033332
0.032201
0.033395
0.033312
0.032862
0.031743
0.033559
0.032495
0.033021
0.031770
0.032654
0.033268
0.033997
0.032807
0.033803
0.034612
0.032949
0.032764
0.033450
0.034242
0.033804
0.033429
0.032404
0.032880
0.033284
0.034247
0.034734
0.033035
0.033183
0.033504
0.033580
0.034160
0.033978
0.033811
0.034395
0.033713
0.034233
0.033809
0.034378
0.033125
0.034176
0.033192
0.034733
0.034638
0.034033
0.034390
0.034775
0.034383
0.034498
0.034937
0.034103
0.034415
0.033302
0.034666
0.034090
0.034810
0.034814
0.033777
0.034197
0.034338
0.034723
0.034192
0.033855
0.036511
0.036564
0.036354
0.034818
0.036166
0.036930
0.035969
0.035433
0.035827
0.036234
0.035984
0.036830
0.035502
0.035669
0.036448
0.035467
0.035602
0.035561
0.036513
0.034499
0.035240
0.035855
0.036750
0.037366
0.037155
0.034747
0.036919
0.036100
0.036044
0.035363
0.036775
0.036103
0.038153
0.036793
0.037411
0.038612
0.036176
0.037554
0.036196
0.037488
0.037597
0.037822
0.037979
0.038428
0.036679
0.038069
0.036667
0.037594
0.036838
0.040207
0.036737
0.036910
0.038100
0.038023
0.038149
0.036393
0.038001
0.037638
0.037940
0.038365
0.039541
0.038248
0.037360
0.040924
0.037664
0.039046
0.039199
0.039352
0.040416
0.038705
0.039653
0.038173
0.040595
0.037822
0.038963
0.038749
0.038806
0.038189
0.038254
0.039416
0.039452
0.039130
0.038204
0.037961
0.038416
0.039240
0.038712
0.038220
0.038683
0.039628
0.038260
0.039757
0.038655
0.040673
0.038055
0.039718
0.039611
0.042090
0.039673
0.039542
0.041938
0.040678
0.040829
0.039031
0.040222
0.040465
0.041732
0.040845
0.039597
0.040865
0.040007
0.040222
0.043318
0.042133
0.040740
0.041235
0.042505
0.041911
0.041973
0.041790
0.040861
0.040716
0.040630
0.038995
0.041248
0.038712
0.041171
0.041990
0.040884
0.039673
0.042280
0.041240
0.043514
0.041356
0.041678
0.041569
0.041965
0.042438
0.052982
0.041585
0.040315
0.042218
0.043556
0.041970
0.041141
0.041047
0.041894
0.042233
0.041919
0.043053
0.042321
0.041363
0.041794
0.043306
0.042781
0.041826
0.041592
0.042571
0.042811
0.042554
0.042640
0.042092
0.042493
0.045663
0.043622
0.044138
0.044329
0.043862
0.043655
0.045347
0.043660
0.043548
0.043472
0.042965
0.042937
0.043065
0.044815
0.044216
0.044102
0.044754
0.043866
0.044004
0.042546
0.042536
0.044304
0.043921
0.042646
0.042382
0.043687
0.045024
0.044395
0.044074
0.045335
0.042207
0.043976
0.043933
0.044601
0.044565
0.044680
0.043169
0.043567
0.044394
0.043566
0.046684
0.044742
0.045745
0.045301
0.044963
0.043670
0.044786
0.044531
0.043162
0.044599
0.045693
0.045382
0.044330
0.045683
0.045118
0.045431
0.045202
0.045765
0.044925
0.045494
0.045087
0.045850
0.045048
0.045417
0.045487
0.046048
0.045608
0.045501
0.044757
0.046344
0.045894
0.045362
0.045297
0.046826
0.046290
0.045045
0.046594
0.046060
0.045992
0.048566
0.045938
0.046230
0.046544
0.047113
0.046368
0.046421
0.046230
0.048580
0.047704
0.046632
0.046650
0.046946
0.046800
0.046783
0.046143
0.048190
0.047111
0.047850
0.047366
0.046133
0.045598
0.049279
0.048268
0.047166
0.047670
0.048076
0.049131
0.049176
0.050913
0.057776
0.048649
0.048514
0.048278
0.052152
0.047946
0.048245
0.048278
0.048155
0.048648
0.049189
0.048374
0.047554
0.048615
0.048086
0.047937
0.048596
0.047799
0.047399
0.047878
0.048220
0.048905
0.049590
0.050393
0.047334
0.049223
0.047518
0.048992
0.048406
0.048436
0.048753
0.048994
0.048165
0.050437
0.048726
0.050439
0.049912
0.047383
0.049670
0.050036
0.050718
0.049056
0.050413
0.050819
0.047120
0.049960
0.050362
0.048842
0.049813
0.051586
0.050831
0.050203
0.048744
0.050056
0.052459
0.049684
0.051019
0.051293
0.050351
0.051709
0.050705
0.049516
0.050830
0.051723
0.052115
0.050666
0.051547
0.050081
0.053500
0.050852
0.049850
0.050967
0.050735
0.050344
0.050974
0.050574
0.050589
0.049059
0.051013
0.050682
0.050026
0.049445
0.050569
0.051583
0.051919
0.052823
0.051057
0.051940
0.050608
0.050640
0.049196
0.054469
0.048558
0.050320
0.053708
0.051141
0.051897
0.050586
0.050401
0.050669
0.054616
0.050924
0.050315
0.052531
0.052354
0.052275
0.053116
0.051306
0.053262
0.052223
0.054124
0.051691
0.053164
0.052147
0.052243
0.054288
0.050785
0.051707
0.053532
0.051840
0.051331
0.053706
0.051631
0.050296
0.053627
0.051894
0.053598
0.054800
0.054227
0.054847
0.052629
0.053568
0.051957
0.051814
0.052801
0.054533
0.054804
0.054085
0.053858
0.052256
0.053770
0.053269
0.055636
0.050494
0.052206
0.054150
0.052025
0.053718
0.052338
0.054975
0.055401
0.056567
0.054787
0.054882
0.054120
0.055600
0.057516
0.055325
0.055169
0.056758
0.055440
0.056206
0.054873
0.054972
0.057134
0.054498
0.056419
0.055850
0.053978
0.054090
0.053687
0.055828
0.055210
0.056700
0.056490
0.054545
0.055358
0.057466
0.057116
0.057440
0.056858
0.056176
0.056707
0.056919
0.056396
0.057099
0.057890
0.056695
0.057366
0.056149
0.055161
0.057561
0.056825
0.056255
0.059171
0.057006
0.058176
0.055335
0.058323
0.057351
0.058379
0.056303
0.057583
0.058357
0.058874
0.056649
0.056527
0.057885
0.058606
0.058517
0.056685
0.057620
0.058501
0.058131
0.055632
0.057548
0.057231
0.058283
0.057243
0.058251
0.059651
0.058072
0.058101
0.060848
0.059618
0.059358
0.058809
0.056544
0.057559
0.059943
0.059143
0.057375
0.058107
0.058244
0.060684
0.059586
0.060190
0.059199
0.061012
0.061069
0.060327
0.059711
0.059778
0.059554
0.058460
0.062070
0.059885
0.059685
0.060081
0.059863
0.062587
0.059846
0.060614
0.062199
0.060288
0.058533
0.059396
0.059620
0.059513
0.060506
0.058899
0.062945
0.057926
0.060466
0.061101
0.061395
0.058875
0.062676
0.060767
0.061458
0.060163
0.061885
0.060446
0.059453
0.061242
0.059775
0.062173
0.060605
0.060856
0.060172
0.061780
0.062909
0.062735
0.056746
0.061361
0.061065
0.060137
0.062950
0.062142
0.061077
0.062455
0.057403
0.061871
0.060259
0.061580
0.062856
0.061014
0.059762
0.064163
0.060978
0.060561
0.061983
0.061633
0.072967
0.063275
0.060995
0.061319
0.058555
0.060788
0.062394
0.062956
0.063426
0.062220
0.061247
0.064720
0.063722
0.060571
0.065553
0.061406
0.061292
0.064776
0.062602
0.064502
0.065189
0.064395
0.063313
0.064492
0.064532
0.064330
0.063487
0.063023
0.064240
0.059713
0.061982
0.061458
0.062967
0.062325
0.063203
0.063942
0.063750
0.061391
0.061513
0.062838
0.061029
0.064535
0.062966
0.065404
0.063774
0.064051
0.063882
0.063786
0.065505
0.062824
0.063842
0.062833
0.065413
0.064101
0.062786
0.065467
0.061276
0.063918
0.063420
0.062053
0.064752
0.061602
0.061805
0.065243
0.063476
0.065655
0.065239
0.063304
0.060306
0.066571
0.066291
0.064483
0.065343
0.066434
0.065280
0.062629
0.065491
0.067906
0.062146
0.065830
0.063791
0.061908
0.065124
0.067792
0.066427
0.064543
0.064736
0.063755
0.064418
0.064228
0.068595
0.065823
0.064888
0.068369
0.066994
0.067209
0.067888
0.064750
0.066096
0.067928
0.066928
0.066961
0.069072
0.065234
0.067066
0.067034
0.062486
0.067836
0.066604
0.066482
0.066349
0.064678
0.067741
0.069866
0.068105
0.069356
0.067666
0.068624
0.065189
0.067699
0.064605
0.065374
0.067527
0.065543
0.067836
0.065004
0.069145
0.066868
0.067187
0.068285
0.067786
0.066601
0.068782
0.067055
0.067961
0.075397
0.069497
0.068732
0.067311
0.068374
0.070214
0.065948
0.069948
0.068575
0.066006
0.066254
0.067050
0.064991
0.068223
0.065380
0.071006
0.069511
0.069349
0.069261
0.071388
0.065831
0.069797
0.067962
0.068166
0.067989
0.070843
0.070543
0.070096
0.069268
0.071126
0.073145
0.069857
0.070999
0.070125
0.069751
0.071818
0.068437
0.071747
0.071483
0.073360
0.069774
0.069265
0.072190
0.072664
0.071154
0.072077
0.070358
0.070774
0.072705
0.070827
0.071103
0.070863
0.072766
0.084130
0.073608
0.071179
0.074233
0.070963
0.070173
0.071009
0.070367
0.069177
0.070711
0.071963
0.070692
0.071093
0.070305
0.072451
0.071099
0.074259
0.066769
0.074179
0.070727
0.070283
0.071855
0.072999
0.073436
0.068155
0.074216
0.074731
0.068408
0.072020
0.074106
0.073775
0.070082
0.073635
0.074850
0.074405
0.073144
0.074455
0.071946
0.072054
0.075370
0.074781
0.073698
0.073881
0.075421
0.074266
0.074026
0.075580
0.073738
0.073608
0.075288
0.076501
0.074618
0.076972
0.075740
0.075269
0.076694
0.073118
0.074212
0.075149
0.076731
0.074949
0.074685
0.077019
0.073759
0.077961
0.074954
0.076642
0.074850
0.076117
0.073561
0.076093
0.077916
0.074060
0.077311
0.076579
0.077228
0.077674
0.076925
0.075220
0.077311
0.075617
0.074631
0.075480
0.077077
0.075959
0.077718
0.076208
0.076927
0.088312
0.079021
0.076388
0.075855
0.075734
0.077231
0.078192
0.078952
0.077416
0.077604
0.076648
0.076917
0.075687
0.076856
0.076374
0.074364
0.076564
0.076475
0.075202
0.075186
0.076355
0.077129
0.077492
0.075262
0.075721
0.076172
0.075715
0.077790
0.075573
0.076184
0.078102
0.074408
0.073547
0.076521
0.079923
0.076815
0.072631
0.075000
0.077724
0.076909
0.074375
0.076290
0.076722
0.076611
0.077779
0.077618
0.076695
0.077180
0.075889
0.077322
0.077085
0.080386
0.078963
0.077749
0.078031
0.077551
0.077622
0.077582
0.072245
0.077653
0.072103
0.078098
0.079421
0.077790
0.079727
0.076015
0.078765
0.078397
0.080724
0.077666
0.076625
0.079526
0.076129
0.080422
0.079576
0.079481
0.079885
0.079817
0.078436
0.077562
0.078065
0.080557
0.080304
0.078652
0.080674
0.081018
0.080734
0.079912
0.079365
0.078945
0.093874
0.082459
0.089426
0.081354
0.080742
0.081821
0.081736
0.080389
0.080654
0.078502
0.083088
0.083201
0.081368
0.083649
0.083211
0.082714
0.081449
0.082075
0.081391
0.079275
0.078915
0.078809
0.081462
0.081484
0.081800
0.079789
0.083031
0.080435
0.082069
0.082263
0.081046
0.081993
0.082599
0.083955
0.083069
0.083895
0.084744
0.084353
0.080419
0.081809
0.082341
0.081797
0.083539
0.082736
0.082164
0.083069
0.083298
0.087462
0.084788
0.082304
0.082044
0.081181
0.084217
0.081433
0.081419
0.083596
0.081216
0.083555
0.081440
0.085487
0.082080
0.085713
0.083880
0.087288
0.082426
0.084619
0.083139
0.085941
0.084817
0.080555
0.085200
0.083407
0.082145
0.083277
0.084676
0.086333
0.102782
0.085012
0.085587
0.083493
0.084644
0.084276
0.084896
0.086099
0.087030
0.084162
0.086156
0.083779
0.086816
0.087875
0.085480
0.085171
0.087734
0.088366
0.085995
0.087774
0.086914
0.086704
0.087648
0.089101
0.086681
0.085513
0.085816
0.092868
0.093633
0.092170
0.086420
0.085097
0.085334
0.086342
0.088440
0.086098
0.089097
0.085369
0.084439
0.086920
0.087587
0.087444
0.087955
0.087793
0.083470
0.086367
0.085948
0.086189
0.088312
0.085981
0.088810
0.088068
0.086375
0.085102
0.087508
0.088814
0.086630
0.085048
0.088677
0.088068
0.089040
0.089136
0.086035
0.086820
0.087916
0.086157
0.085744
0.087245
0.086826
0.089115
0.089998
0.088314
0.091034
0.088143
0.089978
0.088297
0.089438
0.090274
0.088329
0.086267
0.087564
0.088534
0.088857
0.088849
0.091483
0.088763
0.089559
0.089659
0.091871
0.090233
0.087769
0.089272
0.090259
0.088300
0.089294
0.089562
0.089030
0.091545
0.088668
0.090814
0.090153
0.089707
0.089175
0.092771
0.088077
0.091275
0.088926
0.091707
0.088345
0.089567
0.089418
0.091091
0.090105
0.090274
0.091004
0.090665
0.091933
0.090330
0.089882
0.088905
0.090739
0.092399
0.093974
0.090675
0.091418
0.091808
0.089429
0.091979
0.090416
0.092065
0.092978
0.090734
0.088835
0.090217
0.091089
0.091932
0.091603
0.094033
0.090420
0.092986
0.093285
0.092554
0.092424
0.092167
0.093671
0.092646
0.091161
0.093038
0.094011
0.089403
0.091272
0.092726
0.091629
0.093731
0.088942
0.092203
0.093819
0.094676
0.093619
0.092616
0.090329
0.092872
0.094509
0.092849
0.091225
0.091593
0.092090
0.091962
0.094071
0.093105
0.093356
0.090719
0.093421
0.093212
0.094186
0.095523
0.095449
0.088657
0.088296
0.083331
0.082588
0.082996
0.082559
0.092094
0.094256
0.087137
0.084674
0.098484
0.094058
0.095027
0.095789
0.095387
0.084552
0.090040
0.088550
0.084610
0.084017
0.083295
0.083550
0.084792
0.083500
0.084905
0.084634
0.083402
0.084939
0.094861
0.084876
0.083916
0.091028
0.092000
0.084311
0.084801
0.083895
0.084857
0.089114
0.086728
0.090215
0.084373
0.085490
0.084421
0.084763
0.085627
0.084642
0.086045
0.088210
0.084792
0.086726
0.086473
0.085921
0.091804
0.086894
0.086492
0.085209
0.085601
0.084605
0.085835
0.086947
0.085050
0.085614
0.089973
0.085369
0.086668
0.086450
0.087754
0.084394
0.087372
0.086995
0.085830
0.086228
0.090294
0.086440
0.085774
0.086640
0.085717
0.085977
0.086306
0.086484
0.087023
0.086666
0.086369
0.086757
0.088650
0.108888
0.087077
0.088086
0.086321
0.087630
0.086520
0.087160
0.086345
0.087277
0.087642
0.087874
0.087909
0.096373
0.088449
0.087413
0.087077
0.087292
0.087827
0.087866
0.088268
0.087683
0.087574
0.088701
0.087969
0.086207
0.099908
0.096848
0.102024
0.099632
0.106016
0.105211
0.095730
0.103861
0.089089
0.088688
0.088244
0.088879
0.087628
0.089726
0.089338
0.097870
0.088976
0.087249
0.093893
0.089005
0.088789
0.088120
0.098650
0.090267
0.090500
0.089313
0.096431
0.095897
0.089151
0.092196
0.109077
0.089393
0.091750
0.107753
0.090340
0.090028
0.094601
0.089084
0.097853
0.090609
0.091508
0.090336
0.101043
0.102773
0.097600
0.109171
0.095486
0.090699
0.096479
0.107572
0.103545
0.101046
0.103024
0.091444
0.090479
0.091508
0.090592
0.091072
0.089270
0.093365
0.100262
0.102913
0.102343
0.101251
0.092111
0.099919
0.100581
0.092204
0.092739
0.126288
0.091760
0.090890
0.089669
0.098098
0.091158
0.090936
0.094661
0.090670
0.091342
0.092325
0.099688
0.108227
0.098824
0.093500
0.090977
0.091764
0.091993
0.092469
0.091799
0.092647
0.091326
0.091564
0.091556
0.091077
0.091368
0.092256
0.092675
0.091999
0.096185
0.111332
0.107684
0.106004
0.104642
0.093315
0.093643
0.107470
0.104618
0.105499
0.100876
0.105658
0.121314
0.103425
0.099768
0.093666
0.092621
0.093724
0.095634
0.093802
0.094618
0.094713
0.098282
0.092746
0.092931
0.104930
0.106007
0.106964
0.122682
0.105741
0.106612
0.102074
0.094348
0.098761
0.108220
0.105654
0.106118
0.093578
0.093046
0.093012
0.100576
0.093629
0.095052
0.100349
0.094320
0.093853
0.123516
0.101504
0.099283
0.098992
0.095296
0.095651
0.094834
0.094229
0.094850
0.098297
0.097350
0.109716
0.109344
0.104497
0.095603
0.096998
0.094924
0.108593
0.103599
0.097933
0.098839
0.095595
0.095929
0.103748
0.096076
0.112841
0.099574
0.133038
0.111174
0.109514
0.098498
0.095817
0.095635
0.100662
0.096849
0.097577
0.097811
0.095874
0.096735
0.097237
0.096462
0.140610
0.097503
0.096763
0.097444
0.113463
0.110941
0.107527
0.111874
0.110214
0.110954
0.108404
0.110680
0.110985
0.111072
0.110947
0.110849
0.108980
0.111766
0.114357
0.111683
0.113344
0.111023
0.123538
0.120774
0.119679
0.112445
0.117445
0.113474
0.113922
0.112390
0.117341
0.117012
0.116983
0.122644
0.109293
0.111719
0.113561
0.114148
0.114189
0.114164
0.111298
0.111221
0.116744
0.115831
0.118548
0.120713
0.116494
0.115348
0.112655
0.115906
0.114668
0.114318
0.115966
0.114117
0.113998
0.116035
0.116157
0.114942
0.115565
0.116096
0.113780
0.117544
0.119027
0.112664
0.117582
0.115416
0.114659
0.115366
0.119084
0.118222
0.116366
0.134166
0.117957
0.117238
0.148184
0.112826
0.113388
0.116070
0.115561
0.117429
0.116729
0.116919
0.115683
0.117031
0.120551
0.116127
0.114252
0.115311
0.112077
0.110413
0.111445
0.102845
0.111062
0.117009
0.110882
0.111622
0.113652
0.110183
0.108678
0.110651
0.114143
0.113391
0.115873
0.111299
0.118259
0.108556
0.109820
0.113282
0.114245
0.126147
0.115871
0.112437
0.118350
0.118111
0.113890
0.118210
0.115767
0.113730
0.116022
0.115045
0.114019
0.111407
0.113497
0.113590
0.120838
0.116438
0.119299
0.118652
0.118771
0.113547
0.116950
0.118327
0.114675
0.119431
0.114701
0.114577
0.119357
0.114604
0.116655
0.119723
0.137358
0.120138
0.113775
0.112476
0.115957
0.115387
0.111719
0.117015
0.118120
0.118478
0.117728
0.114356
0.118027
0.114405
0.119549
0.111809
0.117445
0.113818
0.120073
0.120425
0.117971
0.121270
0.120011
0.117950
0.116722
0.117822
0.120602
0.120757
0.119906
0.120111
0.118977
0.113861
0.118081
0.111407
0.119952
0.121320
0.120083
0.118740
0.111744
0.119981
0.119904
0.118611
0.122174
0.121421
0.118667
0.124173
0.122130
0.118266
0.118678
0.120161
0.121397
0.120648
0.121127
0.119360
0.118949
0.120499
0.118143
0.119155
0.123635
0.119696
0.118570
0.119720
0.123024
0.123098
0.119719
0.118985
0.118305
0.118432
0.117153
0.122033
0.121910
0.120580
0.122183
0.116258
0.118237
0.117605
0.116361
0.120471
0.119708
0.119576
0.121392
0.118900
0.122349
0.118342
0.111938
0.118984
0.124438
0.123534
0.119333
0.123848
0.123172
0.121886
0.126579
0.123962
0.125650
0.120778
0.125008
0.122335
0.121604
0.122885
0.123490
0.121865
0.122728
0.125071
0.125843
0.119316
0.123773
0.125138
0.121739
0.124695
0.125076
0.125754
0.126629
0.124425
0.124017
0.129169
0.122008
0.113030
0.118495
0.120651
0.149024
0.123488
0.123319
0.118853
0.117816
0.121586
0.121686
0.139723
0.124888
0.129517
0.125531
0.123546
0.131684
0.124998
0.128123
0.119614
0.127241
0.128114
0.121469
0.123101
0.124587
0.124020
0.121337
0.125591
0.123125
0.125284
0.119065
0.121824
0.125172
0.122103
0.128539
0.127747
0.120506
0.128781
0.122515
0.125773
0.116461
0.124970
0.120946
0.125685
0.125353
0.123331
0.127949
0.122909
0.122855
0.128576
0.125117
0.130896
0.120323
0.121710
0.125026
0.125464
0.127268
0.127658
0.117037
0.131905
0.123569
0.129883
0.120681
0.129018
0.121829
0.124755
0.128917
0.116762
0.127268
0.132982
0.129762
0.123083
0.122360
0.123751
0.123269
0.126161
0.126616
0.130974
0.129367
0.127465
0.129603
0.126356
0.124567
0.128197
0.132067
0.126762
0.127774
0.124660
0.128580
0.128624
0.124995
0.131647
0.130579
0.128462
0.132535
0.126959
0.127850
0.129234
0.132119
0.128346
0.132525
0.127872
0.130567
0.129174
0.128210
0.125379
0.130274
0.129550
0.127929
0.122526
0.130955
0.125395
0.128456
0.127985
0.147350
0.133882
0.131930
0.125097
0.135057
0.131414
0.131006
0.128221
0.136647
0.134939
0.130369
0.128985
0.129314
0.130466
0.129618
0.133811
0.128846
0.129911
0.128293
0.131574
0.124965
0.128603
0.146992
0.133538
0.134722
0.129250
0.132941
0.130837
0.131912
0.130460
0.126421
0.135997
0.128180
0.134157
0.128894
0.130444
0.134633
0.131075
0.132924
0.130940
0.132675
0.127569
0.131271
0.129428
0.135451
0.130410
0.132499
0.130171
0.134122
0.129678
0.126985
0.130145
0.125850
0.132872
0.132827
0.133094
0.134436
0.131722
0.132748
0.132785
0.129239
0.134403
0.126410
0.133115
0.125078
0.136170
0.142183
0.136483
0.132091
0.136540
0.133064
0.132221
0.131187
0.130112
0.134617
0.132498
0.134530
0.134690
0.129609
0.127303
0.126536
0.141102
0.133371
0.134732
0.134746
0.131450
0.130639
0.133412
0.137863
0.138172
0.132443
0.139265
0.136671
0.132338
0.131038
0.129120
0.134304
0.129429
0.135071
0.131694
0.129848
0.139078
0.137465
0.137525
0.129592
0.132951
0.135589
0.132972
0.136250
0.125810
0.143326
0.139375
0.140217
0.133237
0.138121
0.135694
0.133072
0.133288
0.136718
0.133968
0.130347
0.135543
0.136803
0.139096
0.138933
0.141256
0.133386
0.136447
0.133522
0.139290
0.137829
0.133580
0.140850
0.130080
0.137580
0.136390
0.136013
0.135251
0.143524
0.140404
0.139863
0.129949
0.140779
0.127711
0.132860
0.137280
0.132664
0.138139
0.138200
0.138254
0.137312
0.140564
0.140133
0.148707
0.134137
0.140858
0.134119
0.138069
0.129780
0.139355
0.136144
0.136141
0.140869
0.142863
0.139454
0.134261
0.141880
0.128860
0.136954
0.137795
0.133703
0.136609
0.128195
0.137154
0.133376
0.132569
0.140065
0.134944
0.136107
0.135158
0.141023
0.136252
0.136683
0.136111
0.141566
0.132331
0.137815
0.140788
0.146278
0.147252
0.191131
0.148567
0.171579
0.201866
0.147825
0.147410
0.146825
0.177778
0.148933
0.150449
0.148234
0.148653
0.145586
0.146563
0.149305
0.145292
0.145559
0.142213
0.137839
0.143449
0.140634
0.132186
0.134247
0.130987
0.135023
0.131566
0.141030
0.155724
0.144069
0.137728
0.137624
0.143009
0.138803
0.126811
0.137222
0.137233
0.144758
0.146662
0.146253
0.140183
0.147156
0.145279
0.141142
0.147644
0.134180
0.145205
0.144609
0.143668
0.142901
0.143881
0.143368
0.135248
0.143753
0.139592
0.162501
0.145813
0.144035
0.147235
0.146914
0.144301
0.137622
0.149304
0.142350
0.140728
0.141046
0.146170
0.145816
0.143275
0.140683
0.144969
0.145666
0.146037
0.142550
0.136964
0.144381
0.147612
0.147213
0.148333
0.144604
0.145481
0.147116
0.145349
0.143779
0.142767
0.143138
0.147043
0.144487
0.155762
0.147581
0.146403
0.144822
0.143415
0.148395
0.142164
0.146052
0.150525
0.140946
0.148440
0.148519
0.146106
0.146036
0.142888
0.144952
0.148957
0.145591
0.141876
0.147632
0.144720
0.152455
0.152268
0.148174
0.139247
0.152069
0.142035
0.139399
0.147270
0.142706
0.146478
0.151576
0.143975
0.140869
0.152185
0.142113
0.148763
0.146747
0.147104
0.161951
0.150009
0.150116
0.138368
0.151326
0.141439
0.152967
0.150802
0.150057
0.150539
0.147931
0.143520
0.152106
0.149753
0.148284
0.144136
0.143344
0.146152
0.151658
0.150591
0.145847
0.150259
0.146151
0.155339
0.146883
0.143899
0.147990
0.154575
0.145028
0.155249
0.150642
0.150278
0.150354
0.149254
0.152500
0.152796
0.152713
0.151757
0.148418
0.157649
0.151757
0.144364
0.151259
0.151833
0.148246
0.149005
0.154896
0.145964
0.151015
0.151646
0.156615
0.154102
0.146353
0.147545
0.151571
0.152929
0.148005
0.154812
0.154392
0.152983
0.152730
0.154546
0.154069
0.156067
0.170783
0.152437
0.155145
0.151413
0.149023
0.150978
0.151118
0.153051
0.155041
0.155450
0.156425
0.148775
0.152854
0.153567
0.153605
0.155644
0.158457
0.153001
0.157111
0.157085
0.155456
0.153763
0.153876
0.155522
0.151452
0.152182
0.146949
0.155550
0.153410
0.148443
0.151432
0.155193
0.145354
0.148342
0.148141
0.150827
0.143664
0.156859
0.153210
0.154717
0.143994
0.165568
0.157457
0.151219
0.149607
0.155293
0.150894
0.150017
0.151067
0.148728
0.148460
0.153207
0.151319
0.147152
0.152344
0.149676
0.144287
0.151717
0.154853
0.147480
0.156186
0.159918
0.151166
0.153134
0.154608
0.153273
0.152997
0.149386
0.156175
0.146763
0.150691
0.151343
0.152954
0.154816
0.159314
0.156961
0.151843
0.152386
0.155142
0.150268
0.158725
0.158226
0.156752
0.174135
0.161581
0.156496
0.158195
0.160836
0.160478
0.148678
0.153263
0.156917
0.151391
0.158714
0.151329
0.159631
0.163106
0.161137
0.160400
0.160683
0.159470
0.150750
0.145333
0.158214
0.155799
0.149811
0.153815
0.154966
0.162536
0.154133
0.163019
0.164955
0.160349
0.159550
0.156355
0.155260
0.158497
0.150443
0.157302
0.151602
0.153580
0.158362
0.155509
0.166362
0.149006
0.153895
0.161190
0.157296
0.155260
0.148022
0.160028
0.155273
0.153746
0.159994
0.158397
0.176627
0.163405
0.151289
0.155163
0.153257
0.157670
0.152150
0.152587
0.152490
0.157293
0.157627
0.159922
0.155670
0.156127
0.163218
0.161347
0.158040
0.161978
0.156504
0.149406
0.159188
0.160493
0.164691
0.160747
0.164007
0.163285
0.163409
0.162820
0.165628
0.161587
0.163642
0.168165
0.166710
0.168616
0.158450
0.163073
0.161889
0.158512
0.165202
0.162321
0.163387
0.162303
0.163419
0.160422
0.165799
0.169057
0.165819
0.163869
0.166136
0.161166
0.161876
0.161852
0.158899
0.165677
0.162661
0.165333
0.164012
0.165559
0.156754
0.161349
0.148094
0.156663
0.166720
0.162937
0.154038
0.167885
0.164638
0.166364
0.163554
0.166278
0.162570
0.158096
0.165321
0.159128
0.165945
0.162814
0.157352
0.167344
0.163247
0.182467
0.164011
0.167848
0.160877
0.157565
0.168501
0.181758
0.158685
0.168954
0.160294
0.167462
0.163634
0.159461
0.163225
0.163493
0.165131
0.165342
0.165774
0.167772
0.163952
0.170007
0.173569
0.173409
0.173018
0.162234
0.163726
0.159655
0.167955
0.162594
0.176686
0.166276
0.159487
0.156969
0.160983
0.160936
0.163649
0.158217
0.166922
0.162284
0.163790
0.171126
0.162652
0.166384
0.166604
0.157175
0.166508
0.162827
0.167588
0.172076
0.164631
0.172811
0.172097
0.174396
0.170643
0.170611
0.166236
0.168395
0.168966
0.161325
0.169782
0.163226
0.163354
0.171626
0.168901
0.170353
0.175588
0.160289
0.165704
0.164782
0.170061
0.170328
0.172423
0.167334
0.169988
0.172531
0.176164
0.176230
0.169795
0.168212
0.169671
0.165263
0.170265
0.170533
0.160559
0.172730
0.168443
0.166420
0.174092
0.168514
0.170767
0.169162
0.171339
0.172217
0.175031
0.163975
0.164366
0.169363
0.163561
0.171029
0.176545
0.160717
0.169416
0.173433
0.176230
0.164918
0.171586
0.174077
0.170148
0.170320
0.172991
0.174746
0.169011
0.165836
0.172968
0.175627
0.173117
0.171450
0.187886
0.169321
0.167076
0.173687
0.166960
0.173157
0.169393
0.168834
0.178283
0.176797
0.170407
0.173379
0.175650
0.173672
0.167560
0.174574
0.172703
0.170961
0.172736
0.174238
0.172641
0.168602
0.182985
0.176708
0.172997
0.163286
0.170472
0.165963
0.171054
0.167932
0.177592
0.178397
0.169813
0.172383
0.174149
0.171288
0.175787
0.175621
0.174646
0.188559
0.174729
0.171444
0.167328
0.166871
0.178928
0.169245
0.170569
0.160933
0.178047
0.177708
0.178947
0.168428
0.174612
0.171869
0.169446
0.175839
0.178395
0.179480
0.181096
0.179767
0.191721
0.174498
0.179336
0.175982
0.169931
0.174627
0.180109
0.182733
0.179699
0.174542
0.174369
0.171649
0.173316
0.176991
0.173773
0.171759
0.180439
0.176061
0.173454
0.181701
0.177962
0.179945
0.199128
0.182369
0.181426
0.181718
0.181470
0.175345
0.175430
0.187067
0.182068
0.176867
0.182142
0.183510
0.176314
0.174235
0.181551
0.173806
0.181318
0.176029
0.179964
0.180596
0.183475
0.181066
0.172299
0.174101
0.179549
0.170955
0.180987
0.182425
0.181084
0.180961
0.178800
0.184560
0.178363
0.179158
0.174624
0.180266
0.184019
0.181425
0.176223
0.182174
0.177758
0.177110
0.175092
0.181096
0.179819
0.182286
0.174015
0.184471
0.183231
0.181637
0.184319
0.180814
0.177447
0.183123
0.176714
0.175611
0.169489
0.186187
0.173493
0.176764
0.188649
0.181473
0.184092
0.184662
0.178977
0.172991
0.176202
0.186588
0.179768
0.175538
0.183545
0.174787
0.181292
0.182071
0.181123
0.175128
0.187360
0.190193
0.178319
0.179474
0.180203
0.178938
0.174957
0.187165
0.183566
0.174196
0.176168
0.179616
0.195017
0.187068
0.196828
0.184939
0.176973
0.185539
0.175047
0.182344
0.181921
0.183805
0.178749
0.184798
0.189626
0.182496
0.185093
0.177728
0.187627
0.186067
0.181903
0.187602
0.186827
0.173152
0.200642
0.185908
0.184115
0.189234
0.184547
0.185590
0.190026
0.187249
0.186684
0.184179
0.173775
0.179910
0.181816
0.179057
0.179563
0.183149
0.186811
0.182753
0.186885
0.187508
0.188056
0.169706
0.186140
0.186753
0.190065
0.188254
0.187649
0.178541
0.184318
0.182344
0.180979
0.186172
0.186477
0.186155
0.174519
0.187538
0.177377
0.190844
0.191491
0.183262
0.182455
0.190541
0.185110
0.180560
0.174283
0.174545
0.185298
0.189922
0.181862
0.182475
0.184206
0.180323
0.188757
0.188235
0.181190
0.183952
0.184221
0.191971
0.191919
0.185206
0.188886
0.191106
0.184171
0.182019
0.182945
0.191759
0.186534
0.190535
0.186139
0.191571
0.186111
0.192289
0.183552
0.187607
0.188141
0.187767
0.188687
0.185549
0.189960
0.209223
0.191727
0.183409
0.187602
0.186740
0.189830
0.176707
0.187956
0.187980
0.190066
0.201996
0.191151
0.185787
0.189919
0.183379
0.187181
0.195536
0.189220
0.193105
0.190643
0.193441
0.184269
0.188493
0.191920
0.184584
0.191949
0.195705
0.193117
0.188120
0.186348
0.194468
0.192748
0.191846
0.190490
0.194500
0.191759
0.189967
0.193655
0.185131
0.186807
0.192331
0.190678
0.191335
0.197286
0.188880
0.184414
0.188475
0.184547
0.185907
0.191114
0.194273
0.189791
0.192785
0.184930
0.195894
0.190074
0.191067
0.190904
0.189638
0.194187
0.194868
0.195395
0.193506
0.189297
0.191420
0.187322
0.187978
0.195035
0.184746
0.191078
0.193968
0.192034
0.191828
0.190434
0.197190
0.188303
0.196315
0.195736
0.194380
0.191198
0.184293
0.191352
0.187375
0.188668
0.192004
0.192870
0.202082
0.198378
0.195177
0.190026
0.194500
0.192885
0.195570
0.196020
0.194399
0.191722
0.198659
0.188085
0.185087
0.194660
0.197083
0.193963
0.190541
0.198971
0.192072
0.190260
0.188948
0.199289
0.191828
0.190973
0.187511
0.192079
0.193213
0.199741
0.191791
0.195103
0.193693
0.190726
0.194631
0.191364
0.196703
0.195403
0.205001
0.197378
0.197739
0.193527
0.194127
0.197343
0.191740
0.196107
0.200401
0.192644
0.191849
0.196056
0.198070
0.199538
0.194985
0.200316
0.194995
0.199830
0.200247
0.196344
0.192650
0.198407
0.197398
0.195011
0.194426
0.198119
0.199448
0.189178
0.198234
0.195565
0.191035
0.185028
0.195403
0.202003
0.202210
0.212264
0.198421
0.202374
0.201548
0.200629
0.196391
0.196139
0.199442
0.201668
0.202183
0.202822
0.196368
0.198268
0.186779
0.198643
0.187787
0.200773
0.200292
0.191851
0.187550
0.202425
0.202455
0.194704
0.194374
0.186028
0.197927
0.198037
0.198209
0.204521
0.201113
0.204419
0.193772
0.192347
0.193035
0.197510
0.199892
0.192970
0.199178
0.196578
0.191930
0.193203
0.202292
0.200523
0.204683
0.203535
0.198100
0.199347
0.204182
0.195331
0.196859
0.194221
0.202858
0.196739
0.196480
0.196623
0.192807
0.201785
0.205892
0.222807
0.204672
0.196407
0.207018
0.204527
0.205068
0.203567
0.196042
0.202600
0.204773
0.201233
0.206662
0.199926
0.193352
0.204236
0.203604
0.206043
0.236624
0.204160
0.200513
0.212402
0.202979
0.207129
0.197405
0.200090
0.202394
0.207627
0.211544
0.197653
0.197115
0.204763
0.200000
0.212923
0.203141
0.201144
0.198265
0.207432
0.204634
0.204716
0.208701
0.209746
0.204973
0.202691
0.206264
0.202991
0.196055
0.211904
0.210240
0.209028
0.202193
0.195544
0.197436
0.203900
0.202216
0.206649
0.204651
0.206872
0.207172
0.206272
0.201881
0.199283
0.199050
0.200322
0.200354
0.202767
0.206810
0.198248
0.207900
0.209857
0.209475
0.204550
0.204833
0.202340
0.199157
0.200480
0.208665
0.204752
0.208688
0.201793
0.209651
0.204947
0.223134
0.203800
0.208698
0.207215
0.204490
0.203007
0.206023
0.205912
0.214235
0.215028
0.208138
0.207342
0.201568
0.204699
0.208035
0.211110
0.197895
0.209446
0.205281
0.201306
0.204184
0.207822
0.200379
0.208961
0.207898
0.194728
0.210413
0.206778
0.217147
0.207797
0.200852
0.208044
0.207231
0.209375
0.214749
0.205035
0.200799
0.211264
0.208581
0.206381
0.201056
0.210949
0.207278
0.204296
0.210514
0.212892
0.209363
0.209019
0.203487
0.204505
0.195322
0.210398
0.211885
0.201511
0.207886
0.202267
0.210227
0.218243
0.207978
0.197529
0.212927
0.203230
0.220473
0.235612
0.215009
0.218738
0.218443
0.223322
0.218179
0.227598
0.208910
0.230208
0.211333
0.211114
0.237637
0.189605
0.177436
0.180515
0.178083
0.175206
0.176589
0.176114
0.175393
0.176130
0.175357
0.176902
0.177056
0.176848
0.175405
0.178590
0.204458
0.185438
0.223987
0.175217
0.184938
0.212830
0.235111
0.214950
0.185043
0.175668
0.228831
0.231750
0.198959
0.190666
0.212066
0.195391
0.221083
0.224564
0.216951
0.215507
0.228284
0.182151
0.190875
0.213983
0.188055
0.182271
0.178630
0.181724
0.180795
0.178427
0.189651
0.188799
0.219431
0.194223
0.179111
0.178964
0.179941
0.179944
0.186959
0.177054
0.215818
0.180624
0.181761
0.195274
0.186399
0.197906
0.204633
0.206537
0.216989
0.220448
0.182994
0.184279
0.188866
0.191272
0.193606
0.216651
0.194792
0.181728
0.182406
0.180847
0.192640
0.181739
0.179287
0.180016
0.187093
0.200507
0.200493
0.181510
0.194939
0.187321
0.193478
0.207336
0.197127
0.179176
0.181588
0.180283
0.181629
0.188430
0.180766
0.183607
0.181653
0.184054
0.180268
0.184405
0.180652
0.177714
0.179849
0.188307
0.180589
0.203477
0.200713
0.183505
0.181156
0.180556
0.186013
0.182069
0.181758
0.200234
0.195485
0.182304
0.182738
0.180638
0.179331
0.180434
0.180280
0.182635
0.181053
0.180675
0.180210
0.182488
0.194929
0.182591
0.181304
0.180683
0.179949
0.185361
0.181984
0.184422
0.180928
0.184084
0.183189
0.182381
0.180563
0.186126
0.184357
0.182135
0.181190
0.184779
0.195628
0.189767
0.183929
0.183451
0.189616
0.182820
0.182739
0.185635
0.183324
0.188175
0.183030
0.185211
0.182309
0.182483
0.193533
0.184651
0.185606
0.183537
0.183756
0.182683
0.181727
0.182582
0.182829
0.185948
0.185277
0.182213
0.185670
0.182342
0.185533
0.184755
0.184518
0.182788
0.190126
0.183729
0.183659
0.182440
0.185716
0.186274
0.182606
0.184075
0.183578
0.185036
0.182131
0.184590
0.183326
0.186525
0.186535
0.185740
0.182758
0.183510
0.185191
0.221101
0.187166
0.184813
0.195545
0.189566
0.187493
0.184136
0.185722
0.184667
0.185404
0.188654
0.187778
0.185862
0.186109
0.184932
0.188217
0.186678
0.187722
0.185544
0.188668
0.186479
0.186074
0.189176
0.184376
0.187477
0.187373
0.185301
0.188643
0.186619
0.188578
0.187575
0.185949
0.188000
0.186016
0.188440
0.188816
0.190448
0.186538
0.191577
0.186203
0.189676
0.183926
0.187346
0.186465
0.185681
0.221526
0.187345
0.185152
0.188280
0.186614
0.187032
0.185309
0.186507
0.186365
0.190304
0.189309
0.185849
0.188592
0.188390
0.190475
0.191114
0.187795
0.187067
0.189863
0.185419
0.186568
0.187259
0.190387
0.186670
0.189668
0.188735
0.187433
0.188475
0.185972
0.187933
0.189760
0.186607
0.187655
0.188547
0.190825
0.188584
0.201393
0.192563
0.190046
0.215329
0.187433
0.187884
0.190240
0.190395
0.192662
0.189937
0.187621
0.192757
0.189205
0.189635
0.189746
0.191551
0.192353
0.188629
0.193405
0.188067
0.198334
0.197022
0.197715
0.189147
0.191904
0.191181
0.194977
0.189567
0.192376
0.188941
0.189289
0.191945
0.191940
0.188754
0.192636
0.191435
0.188064
0.190236
0.199131
0.189295
0.189983
0.192522
0.193528
0.191522
0.189577
0.190867
0.190291
0.190046
0.226660
0.190716
0.188289
0.190698
0.191584
0.191325
0.191272
0.193524
0.191740
0.195064
0.192424
0.193568
0.190970
0.200757
0.191040
0.191008
0.191762
0.192755
0.190850
0.187930
0.192384
0.189414
0.192834
0.191734
0.195703
0.201044
0.188715
0.203693
0.193991
0.259667
0.193075
0.195742
0.193396
0.191101
0.192573
0.192945
0.191899
0.192136
0.195378
0.192536
0.191020
0.193401
0.195496
0.196328
0.204236
0.190283
0.192352
0.193718
0.195965
0.194735
0.193828
0.195735
0.196454
0.195576
0.196020
0.195449
0.195275
0.194100
0.194893
0.194257
0.191528
0.193648
0.197886
0.194126
0.198573
0.194851
0.198086
0.198519
0.194135
0.195385
0.191831
0.193934
0.204496
0.193592
0.193230
0.193396
0.196606
0.196036
0.195942
0.192182
0.197859
0.221150
0.196966
0.199022
0.198930
0.194923
0.193353
0.196088
0.197125
0.196140
0.192160
0.196787
0.193006
0.193167
0.195427
0.197164
0.211529
0.195622
0.207729
0.197608
0.198397
0.193993
0.197355
0.195470
0.199610
0.198384
0.198781
0.195912
0.207041
0.199552
0.199813
0.199003
0.193857
0.195390
0.200269
0.214712
0.218565
0.198530
0.196572
0.203082
0.195016
0.197918
0.198490
0.229318
0.194345
0.198363
0.195654
0.196016
0.196023
0.196396
0.197327
0.197713
0.200320
0.195995
0.196049
0.197649
0.197000
0.200905
0.200384
0.200900
0.198529
0.199023
0.199270
0.195996
0.197064
0.196814
0.198279
0.200973
0.198461
0.199331
0.205384
0.197873
0.197851
0.200626
0.197601
0.202501
0.199358
0.201070
0.200595
0.202799
0.199102
0.199006
0.197002
0.233540
0.199124
0.197813
0.198706
0.211481
0.197876
0.199731
0.195910
0.202653
0.197076
0.200906
0.199253
0.205013
0.201153
0.199189
0.202421
0.196938
0.201535
0.215788
0.199704
0.199317
0.200682
0.201514
0.200523
0.201211
0.203186
0.200832
0.220122
0.197895
0.204742
0.198799
0.201299
0.199330
0.200396
0.203118
0.203812
0.205041
0.206086
0.202800
0.205018
0.198686
0.205514
0.202387
0.200029
0.201712
0.203627
0.201489
0.200144
0.200441
0.201188
0.205428
0.202607
0.203196
0.201421
0.205037
0.204031
0.202502
0.202952
0.199383
0.236903
0.203822
0.203188
0.200812
0.208700
0.205987
0.201183
0.207200
0.200376
0.205787
0.202581
0.205794
0.205305
0.217550
0.201753
0.201139
0.203298
0.213766
0.202009
0.205658
0.205932
0.202981
0.205420
0.206689
0.202167
0.203496
0.208596
0.203028
0.203462
0.203932
0.202984
0.205183
0.206410
0.201225
0.211658
0.206355
0.206682
0.206597
0.201563
0.204145
0.203129
0.200977
0.208009
0.203392
0.206553
0.208548
0.206251
0.205849
0.204986
0.205365
0.202671
0.219032
0.206390
0.206958
0.206153
0.201672
0.201364
0.205428
0.201007
0.206421
0.205325
0.205908
0.206011
0.205524
0.210340
0.204146
0.204679
0.206417
0.204629
0.203610
0.217843
0.204902
0.242587
0.207441
0.205653
0.207511
0.205209
0.205777
0.208454
0.207360
0.212430
0.209158
0.203317
0.205113
0.203924
0.205683
0.205324
0.205179
0.205719
0.205686
0.206777
0.204832
0.205700
0.210279
0.206616
0.204156
0.207353
0.207273
0.205869
0.208319
0.207020
0.206463
0.208388
0.211852
0.206819
0.205777
0.206860
0.207543
0.207919
0.204991
0.205535
0.216575
0.243162
0.209381
0.209818
0.207809
0.210590
0.207354
0.211841
0.205730
0.204613
0.205087
0.206322
0.210793
0.207944
0.210507
0.210539
0.206920
0.208541
0.213017
0.206565
0.211777
0.206570
0.211243
0.208817
0.209881
0.207863
0.208713
0.212021
0.212026
0.209045
0.208481
0.206336
0.209805
0.208359
0.207433
0.227997
0.207899
0.212156
0.212284
0.208502
0.229218
0.222609
0.211644
0.208881
0.208546
0.210342
0.222033
0.212116
0.213005
0.213179
0.211650
0.214406
0.214187
0.212017
0.220891
0.210378
0.208466
0.211627
0.213191
0.213484
0.211052
0.208742
0.208278
0.213307
0.208451
0.214566
0.224046
0.208767
0.211990
0.212375
0.212841
0.209884
0.263092
0.210875
0.210687
0.210352
0.215184
0.211056
0.212229
0.210142
0.210549
0.212878
0.208945
0.209804
0.212292
0.217544
0.208606
0.210425
0.209468
0.251247
0.210478
0.226450
0.212613
0.215581
0.212506
0.215079
0.211179
0.214432
0.211174
0.222111
0.217156
0.231501
0.215271
0.213667
0.214140
0.215214
0.214633
0.210457
0.214883
0.226847
0.215000
0.214163
0.215521
0.213531
0.216528
0.215274
0.213146
0.212835
0.210621
0.215060
0.217874
0.213978
0.212329
0.219598
0.216813
0.215428
0.215133
0.213651
0.213824
0.215298
0.215015
0.216892
0.214845
0.212928
0.214889
0.216243
0.212182
0.214597
0.213653
0.217230
0.217942
0.214581
0.215409
0.214543
0.213278
0.215048
0.215449
0.217263
0.215862
0.212856
0.211664
0.216317
0.213896
0.246316
0.213864
0.210267
0.216618
0.215582
0.217352
0.219127
0.214055
0.214972
0.218854
0.240603
0.214170
0.218509
0.285716
0.217545
0.216758
0.217024
0.217653
0.217723
0.217782
0.221075
0.215937
0.220388
0.215185
0.215727
0.219389
0.219903
0.215912
0.218631
0.218368
0.214518
0.219583
0.212936
0.217684
0.225396
0.216654
0.218305
0.219273
0.219617
0.216390
0.217603
0.217228
0.222730
0.217918
0.215214
0.216018
0.219358
0.222417
0.217708
0.221128
0.218022
0.216109
0.222487
0.221423
0.220226
0.216564
0.216428
0.232563
0.230192
0.221230
0.215251
0.216286
0.216571
0.219318
0.219807
0.215034
0.232542
