0.000044
0.000096
0.000152
0.000124
0.000160
0.000193
0.000225
0.000263
0.000488
0.000569
0.000620
0.000478
0.000601
0.000685
0.000713
0.000775
0.000702
0.000739
0.000809
0.000856
0.000771
0.000815
0.000840
0.000887
0.000886
0.000864
0.000917
0.000935
0.001007
0.000918
0.000957
0.000984
0.001027
0.000949
0.000974
0.001027
0.001034
0.001078
0.001028
0.001043
0.001091
0.001155
0.001136
0.001164
0.001213
0.001192
0.001236
0.001298
0.001314
0.001342
0.001375
0.001420
0.001423
0.001457
0.001514
0.001536
0.001551
0.001581
0.001640
0.001642
0.001669
0.001682
0.001742
0.001741
0.001828
0.001857
0.001873
0.001847
0.001908
0.001964
0.002006
0.002008
0.002013
0.002063
0.002132
0.002144
0.002139
0.002271
0.002213
0.002287
0.002330
0.002410
0.002400
0.002415
0.002473
0.002488
0.002486
0.002546
0.002596
0.002631
0.002625
0.002722
0.002700
0.002791
0.002815
0.002834
0.002890
0.002886
0.002943
0.002970
0.003051
0.003037
0.003059
0.003117
0.003109
0.003180
0.003181
0.003201
0.003259
0.003252
0.003318
0.003345
0.003421
0.003505
0.003446
0.003509
0.003588
0.003571
0.003660
0.003610
0.003619
0.003670
0.003770
0.003819
0.003867
0.003933
0.003889
0.003932
0.003983
0.003979
0.003973
0.004002
0.004204
0.004112
0.004212
0.004129
0.004255
0.004238
0.004289
0.004283
0.004331
0.004434
0.004526
0.004679
0.004603
0.004722
0.004566
0.004661
0.004642
0.004783
0.004714
0.004840
0.004910
0.004828
0.004996
0.004850
0.004960
0.005168
0.005135
0.005045
0.005304
0.005099
0.005181
0.005206
0.005215
0.005448
0.005487
0.005426
0.005448
0.005444
0.005559
0.005566
0.005567
0.005682
0.005647
0.005712
0.005794
0.005713
0.005687
0.005953
0.005851
0.005863
0.005951
0.005872
0.005950
0.005961
0.005899
0.006052
0.006057
0.006189
0.006155
0.006202
0.006148
0.006370
0.006327
0.006408
0.006269
0.006373
0.006451
0.006474
0.006612
0.006586
0.006551
0.006679
0.006575
0.006785
0.006753
0.006868
0.006807
0.006922
0.006846
0.006938
0.006978
0.006998
0.007040
0.007174
0.007161
0.007114
0.007297
0.007236
0.007595
0.007337
0.007362
0.007391
0.007338
0.007493
0.007656
0.007562
0.007516
0.007823
0.007797
0.007707
0.007838
0.007776
0.007994
0.008096
0.008108
0.008298
0.008451
0.008220
0.008436
0.008200
0.008366
0.008524
0.008552
0.008626
0.008338
0.008299
0.008300
0.008406
0.008422
0.008423
0.008564
0.008665
0.008500
0.008666
0.008762
0.008865
0.008595
0.008776
0.008863
0.008829
0.008725
0.008801
0.009181
0.008954
0.009100
0.009095
0.009003
0.009353
0.008968
0.009347
0.009102
0.009198
0.009302
0.009251
0.009337
0.009433
0.009224
0.009449
0.009408
0.009670
0.009543
0.009816
0.009620
0.009676
0.009648
0.009891
0.009832
0.009780
0.009951
0.010082
0.009967
0.009993
0.009924
0.010266
0.010023
0.010350
0.010119
0.010321
0.010248
0.010387
0.010176
0.010482
0.010472
0.010487
0.010617
0.010631
0.010410
0.010664
0.010516
0.010786
0.010674
0.010856
0.010749
0.011020
0.010968
0.010852
0.011555
0.011920
0.011301
0.011228
0.011936
0.011856
0.012201
0.011443
0.011543
0.011326
0.011538
0.011480
0.011502
0.011411
0.011595
0.011467
0.011522
0.012027
0.011917
0.011941
0.011988
0.011759
0.011918
0.011908
0.012146
0.012115
0.011975
0.012046
0.012091
0.012263
0.011962
0.012258
0.012298
0.012452
0.012550
0.012520
0.012897
0.012503
0.012411
0.012570
0.012496
0.012700
0.012770
0.012969
0.012694
0.013420
0.012865
0.012856
0.012701
0.012805
0.013206
0.012955
0.012896
0.013304
0.013148
0.013178
0.013307
0.013756
0.014317
0.014250
0.015045
0.015079
0.014214
0.014270
0.014909
0.014192
0.015207
0.014638
0.014585
0.015145
0.015059
0.015296
0.014729
0.015052
0.014690
0.014233
0.017284
0.015102
0.014832
0.015192
0.014608
0.015125
0.015730
0.015170
0.015621
0.015196
0.015018
0.015571
0.015803
0.015207
0.015167
0.016237
0.015662
0.015491
0.015865
0.015892
0.016656
0.015457
0.016698
0.015867
0.015704
0.016077
0.016218
0.016093
0.015758
0.016020
0.015941
0.015823
0.015906
0.015634
0.016477
0.016774
0.016598
0.016380
0.016599
0.016222
0.016797
0.016366
0.016547
0.016939
0.017017
0.017537
0.017591
0.016559
0.017095
0.016885
0.017435
0.017639
0.017936
0.017022
0.017592
0.016924
0.017351
0.017090
0.017776
0.017703
0.017871
0.017624
0.017520
0.018085
0.017382
0.017372
0.017582
0.017546
0.017059
0.018143
0.018311
0.017919
0.017795
0.018337
0.018132
0.017670
0.018080
0.018423
0.017066
0.017943
0.018494
0.018967
0.019250
0.018378
0.018692
0.018954
0.018891
0.019164
0.018192
0.018468
0.018865
0.019216
0.018101
0.017857
0.018453
0.018158
0.019196
0.018560
0.019276
0.018938
0.018963
0.018848
0.020000
0.019990
0.018823
0.019208
0.019352
0.018965
0.019256
0.020504
0.019738
0.019470
0.020395
0.019101
0.019206
0.020164
0.019710
0.019808
0.020265
0.020046
0.018675
0.019567
0.019418
0.020172
0.020419
0.019062
0.019975
0.019982
0.020173
0.020580
0.019848
0.020597
0.020047
0.019987
0.020678
0.020171
0.021164
0.020308
0.020553
0.020558
0.020910
0.020730
0.021152
0.020311
0.020792
0.021693
0.021072
0.021276
0.021079
0.021178
0.021468
0.020566
0.021609
0.021078
0.020822
0.022192
0.022178
0.022966
0.021956
0.020958
0.021713
0.020606
0.021523
0.021452
0.022226
0.022409
0.022362
0.021477
0.022946
0.021453
0.021501
0.022038
0.022456
0.023911
0.021244
0.022496
0.022260
0.021925
0.022508
0.022150
0.022222
0.022852
0.022344
0.023087
0.022910
0.022724
0.022038
0.023338
0.023026
0.022616
0.022493
0.023008
0.022218
0.023678
0.024700
0.022726
0.023388
0.022738
0.023670
0.022872
0.023275
0.023745
0.022748
0.023703
0.023665
0.023750
0.023200
0.023774
0.023153
0.024136
0.024192
0.023577
0.024970
0.023628
0.023971
0.024023
0.023414
0.024440
0.024071
0.025095
0.023861
0.024426
0.024040
0.023940
0.023948
0.024886
0.025166
0.024216
0.024405
0.025074
0.023964
0.024941
0.026007
0.024736
0.024435
0.025312
0.024487
0.025665
0.025295
0.025078
0.023921
0.027177
0.025567
0.026945
0.025424
0.037210
0.025170
0.026629
0.026112
0.026492
0.026969
0.026592
0.026876
0.027279
0.025761
0.026313
0.026993
0.025477
0.026289
0.027422
0.026238
0.025866
0.025950
0.027309
0.026311
0.026504
0.027157
0.027332
0.025432
0.025659
0.026428
0.026782
0.026624
0.026734
0.027922
0.027891
0.028508
0.027305
0.028063
0.027722
0.026994
0.028364
0.027734
0.027290
0.028784
0.028718
0.027628
0.027193
0.028054
0.026898
0.029529
0.026902
0.029911
0.027939
0.028118
0.029799
0.028905
0.028563
0.028333
0.028631
0.029879
0.028289
0.028003
0.028998
0.031697
0.028196
0.029401
0.030290
0.027658
0.028878
0.029859
0.029384
0.029976
0.029931
0.029873
0.029422
0.030956
0.029508
0.030434
0.029658
0.029509
0.030174
0.031740
0.029545
0.029417
0.029556
0.029992
0.030596
0.030127
0.028765
0.029814
0.030144
0.029935
0.030261
0.030426
0.031970
0.031070
0.029945
0.030704
0.032116
0.030378
0.030594
0.031132
0.031215
0.032737
0.030309
0.031561
0.031568
0.031035
0.030963
0.030736
0.033209
0.030275
0.033163
0.031423
0.033073
0.031912
0.031899
0.031084
0.031778
0.031744
0.031370
0.030590
0.031351
0.031969
0.031133
0.031782
0.031943
0.032512
0.031412
0.031167
0.030986
0.031443
0.031218
0.031516
0.031160
0.031854
0.032041
0.031347
0.031912
0.031465
0.031079
0.033074
0.031903
0.031923
0.030801
0.031692
0.032260
0.032209
0.034287
0.033829
0.034316
0.034242
0.033698
0.032518
0.031493
0.033372
0.033718
0.034018
0.034207
0.033318
0.034906
0.033372
0.034266
0.034683
0.035050
0.033457
0.032787
0.034666
0.035100
0.033037
0.034748
0.035676
0.034334
0.034144
0.034169
0.034600
0.034648
0.035261
0.034622
0.034320
0.033946
0.034696
0.034387
0.034794
0.035091
0.035751
0.034317
0.034467
0.034145
0.034594
0.034011
0.034128
0.034829
0.033923
0.035502
0.034705
0.034413
0.036759
0.034419
0.035010
0.035355
0.035076
0.035066
0.035695
0.035317
0.033545
0.035448
0.035782
0.034840
0.037490
0.036923
0.037026
0.036344
0.037498
0.037040
0.035974
0.048391
0.036783
0.037485
0.035754
0.036554
0.036756
0.037398
0.038201
0.037123
0.035919
0.037099
0.036582
0.037980
0.037663
0.037157
0.037257
0.037389
0.036871
0.038089
0.037418
0.036553
0.036589
0.038536
0.038055
0.038779
0.038240
0.037601
0.038184
0.037266
0.038840
0.043514
0.039031
0.038237
0.036807
0.038307
0.037949
0.037871
0.037996
0.038685
0.037162
0.037582
0.037175
0.037446
0.039263
0.038549
0.037094
0.039625
0.037609
0.039317
0.038598
0.038042
0.039732
0.038341
0.037286
0.039026
0.039173
0.038595
0.038214
0.039743
0.036591
0.039861
0.039854
0.038442
0.040959
0.039557
0.040767
0.041058
0.039684
0.040352
0.040945
0.041281
0.039806
0.040542
0.040031
0.041948
0.040073
0.039954
0.038781
0.040019
0.039741
0.037491
0.039926
0.040046
0.040302
0.040415
0.040300
0.038909
0.040069
0.041150
0.041673
0.041300
0.041530
0.040087
0.040502
0.039716
0.041770
0.041621
0.041638
0.042262
0.041707
0.042387
0.042315
0.042491
0.043781
0.043932
0.041620
0.040303
0.041103
0.040065
0.042355
0.041411
0.042292
0.040514
0.042669
0.044262
0.041934
0.041726
0.043670
0.043120
0.042924
0.041079
0.044252
0.043705
0.042889
0.043466
0.042001
0.044090
0.044638
0.046121
0.044779
0.043096
0.043698
0.045542
0.043819
0.044101
0.044170
0.043070
0.044027
0.042455
0.044554
0.043803
0.045191
0.045429
0.043425
0.043896
0.041273
0.042682
0.040607
0.042176
0.043030
0.043102
0.042959
0.043235
0.042817
0.042662
0.045226
0.045878
0.046121
0.045586
0.045748
0.045311
0.046671
0.045526
0.044531
0.045686
0.046479
0.047884
0.047280
0.045801
0.042456
0.047777
0.046793
0.046110
0.048341
0.046685
0.047314
0.046422
0.047778
0.047570
0.045175
0.047547
0.045705
0.046459
0.047821
0.045576
0.047345
0.043448
0.047301
0.047894
0.045914
0.045713
0.047906
0.047723
0.048295
0.046800
0.045857
0.046834
0.047078
0.046772
0.047369
0.047361
0.046470
0.047602
0.049515
0.046284
0.048393
0.047188
0.046634
0.047874
0.045833
0.052851
0.047725
0.047440
0.050835
0.048685
0.048368
0.048310
0.046756
0.047007
0.049215
0.048771
0.048180
0.046522
0.048746
0.048573
0.050256
0.051631
0.051580
0.052473
0.052036
0.054831
0.049744
0.049713
0.051867
0.051504
0.053117
0.052460
0.051478
0.050059
0.049813
0.049057
0.048656
0.050676
0.048466
0.047516
0.051210
0.049571
0.047979
0.048106
0.047855
0.048782
0.052115
0.049466
0.050799
0.049482
0.050302
0.048836
0.049301
0.048711
0.049798
0.049120
0.048468
0.050167
0.050328
0.049093
0.048587
0.050828
0.050880
0.050838
0.049763
0.048780
0.050030
0.050045
0.051711
0.050424
0.051759
0.049177
0.052842
0.048364
0.049244
0.051426
0.050064
0.052868
0.049881
0.052149
0.051839
0.050514
0.051830
0.050364
0.050648
0.051025
0.050498
0.050068
0.051328
0.052614
0.050149
0.050558
0.050750
0.051672
0.053811
0.051270
0.050125
0.051446
0.052568
0.053372
0.054070
0.052127
0.052524
0.053587
0.052753
0.053149
0.051897
0.052898
0.052783
0.054170
0.052277
0.053625
0.051313
0.051805
0.053313
0.052573
0.052300
0.054128
0.053407
0.050978
0.053949
0.054931
0.052200
0.052532
0.053525
0.054531
0.054224
0.055665
0.053900
0.055390
0.054684
0.059589
0.053416
0.057209
0.054386
0.055755
0.055145
0.053053
0.054919
0.055196
0.054831
0.055258
0.053003
0.052935
0.056656
0.055731
0.054034
0.055950
0.054867
0.054615
0.052404
0.056473
0.053827
0.053979
0.056733
0.054531
0.054849
0.055314
0.052381
0.054998
0.055676
0.055306
0.056793
0.055058
0.055303
0.054501
0.055837
0.054420
0.056726
0.054662
0.056962
0.056989
0.056324
0.057452
0.056422
0.057195
0.055264
0.057511
0.055920
0.056952
0.055488
0.055397
0.057056
0.056540
0.058838
0.054240
0.055772
0.057373
0.055320
0.057723
0.057367
0.058988
0.056437
0.057058
0.054873
0.056335
0.058590
0.054890
0.057333
0.056966
0.059545
0.057377
0.057177
0.057484
0.056751
0.060890
0.058023
0.057477
0.058397
0.059786
0.058093
0.059159
0.057041
0.057452
0.056870
0.056998
0.054792
0.057241
0.056389
0.055399
0.058877
0.056619
0.054909
0.058445
0.057551
0.058423
0.058362
0.057324
0.058796
0.057693
0.057410
0.058221
0.058579
0.060359
0.058292
0.057270
0.059772
0.059242
0.057318
0.059882
0.058570
0.056313
0.054529
0.058835
0.059478
0.057434
0.058642
0.059257
0.056798
0.061067
0.058461
0.061711
0.061243
0.073145
0.062323
0.058776
0.062352
0.063416
0.060164
0.061602
0.059387
0.057840
0.059934
0.059689
0.056956
0.060333
0.061282
0.057052
0.059177
0.061507
0.062173
0.058287
0.057465
0.061985
0.060557
0.060824
0.062207
0.061860
0.062764
0.062644
0.062995
0.060435
0.061159
0.062243
0.065252
0.060440
0.062227
0.061970
0.061075
0.063768
0.062872
0.062576
0.065100
0.062585
0.063860
0.063507
0.062911
0.059938
0.063045
0.063108
0.062792
0.062884
0.064511
0.063185
0.062999
0.062971
0.064053
0.062710
0.061212
0.064812
0.061901
0.062367
0.062174
0.063601
0.064501
0.065121
0.064610
0.063533
0.064115
0.064421
0.063831
0.063384
0.066181
0.061561
0.065153
0.063313
0.066223
0.064816
0.063204
0.065774
0.064896
0.062181
0.066033
0.065764
0.064115
0.066792
0.065721
0.063808
0.066374
0.066780
0.066930
0.067642
0.065857
0.064946
0.064606
0.063660
0.064869
0.063955
0.068389
0.081307
0.067026
0.066730
0.065092
0.064218
0.065629
0.067300
0.065561
0.067379
0.066867
0.068377
0.064595
0.064875
0.068561
0.067172
0.067873
0.066020
0.068461
0.067292
0.068847
0.067193
0.065483
0.065486
0.068113
0.069241
0.066302
0.067817
0.064713
0.067302
0.067671
0.067611
0.066857
0.067734
0.067511
0.069319
0.069655
0.065181
0.066493
0.066928
0.065467
0.066980
0.067679
0.068114
0.068021
0.069366
0.069048
0.068983
0.067740
0.069183
0.067710
0.069866
0.069334
0.067318
0.070888
0.069206
0.069747
0.068210
0.070703
0.064801
0.075311
0.070851
0.069955
0.067704
0.070719
0.068754
0.070249
0.065558
0.070565
0.069888
0.069106
0.069127
0.068222
0.065432
0.070629
0.070407
0.068565
0.071229
0.070284
0.070046
0.067719
0.070644
0.070843
0.073520
0.070980
0.071293
0.068578
0.064067
0.070669
0.070152
0.070448
0.071849
0.071847
0.070925
0.070495
0.068534
0.069867
0.072169
0.071644
0.071512
0.071616
0.075773
0.072269
0.071523
0.072177
0.071638
0.072093
0.070791
0.072978
0.067302
0.070922
0.071839
0.072631
0.065315
0.067707
0.068176
0.070339
0.068645
0.069580
0.070469
0.070348
0.071489
0.071547
0.071681
0.074942
0.069365
0.070050
0.072413
0.069641
0.069114
0.072464
0.068796
0.072965
0.071526
0.072841
0.073357
0.069250
0.074509
0.075892
0.071758
0.071176
0.072122
0.072644
0.070441
0.073012
0.073239
0.071143
0.069303
0.075260
0.071430
0.069407
0.068196
0.071817
0.076773
0.072589
0.073833
0.075067
0.074292
0.073590
0.071948
0.072648
0.071564
0.073742
0.070154
0.074584
0.068360
0.076337
0.075552
0.069275
0.073406
0.074271
0.072136
0.074695
0.075475
0.076753
0.073167
0.077312
0.075549
0.077022
0.076077
0.077385
0.075006
0.073239
0.076139
0.075516
0.075259
0.071546
0.075488
0.072727
0.073449
0.076901
0.076818
0.077395
0.074632
0.076299
0.077682
0.077140
0.080492
0.078462
0.076979
0.075836
0.076359
0.076978
0.070596
0.077367
0.077937
0.078109
0.078267
0.077518
0.071791
0.073738
0.073711
0.072814
0.075635
0.076536
0.077249
0.074466
0.076904
0.102807
0.081108
0.078811
0.075064
0.076818
0.080138
0.075139
0.077724
0.077680
0.076532
0.074770
0.074060
0.077862
0.078610
0.078531
0.074966
0.074321
0.079490
0.076734
0.076124
0.078251
0.081218
0.075968
0.078017
0.080170
0.080686
0.081194
0.078529
0.078380
0.082489
0.079936
0.081434
0.079707
0.077209
0.081193
0.081820
0.077575
0.084343
0.080726
0.081790
0.082059
0.077720
0.080035
0.082203
0.080480
0.080549
0.083154
0.080437
0.081466
0.083045
0.080067
0.080751
0.082546
0.083226
0.084911
0.083062
0.077159
0.082138
0.081920
0.078417
0.083237
0.081217
0.080611
0.080313
0.078111
0.080214
0.081878
0.082404
0.082926
0.075110
0.078866
0.082601
0.081646
0.079781
0.083505
0.086170
0.084796
0.080111
0.083891
0.082700
0.081992
0.078199
0.083152
0.082494
0.084067
0.082513
0.084500
0.083384
0.083142
0.086013
0.082852
0.084077
0.082920
0.083213
0.083993
0.083505
0.087155
0.084912
0.081103
0.083581
0.084417
0.084759
0.085815
0.085020
0.083737
0.085882
0.082225
0.085165
0.083246
0.085752
0.084659
0.086502
0.087590
0.085477
0.082302
0.088922
0.085486
0.087854
0.088366
0.086904
0.085614
0.088556
0.086032
0.084834
0.087202
0.084387
0.087725
0.083922
0.087559
0.088770
0.086475
0.083706
0.087173
0.085428
0.087516
0.086979
0.087342
0.082909
0.087124
0.082547
0.088363
0.090198
0.088243
0.086426
0.087611
0.086864
0.089728
0.086171
0.088669
0.087285
0.085942
0.087084
0.087110
0.086061
0.088283
0.085424
0.086822
0.080333
0.086033
0.086749
0.087280
0.087887
0.088129
0.085088
0.085868
0.087094
0.087512
0.086719
0.089061
0.084904
0.087763
0.086516
0.088106
0.086317
0.087653
0.088560
0.084314
0.087398
0.089977
0.086688
0.089016
0.085775
0.087586
0.086951
0.088703
0.087866
0.086052
0.084825
0.085646
0.091145
0.088194
0.086918
0.091766
0.089036
0.090250
0.090337
0.086011
0.087735
0.090165
0.090912
0.085782
0.090092
0.089137
0.089166
0.090643
0.090662
0.091627
0.090889
0.090899
0.091397
0.088239
0.089245
0.092337
0.087474
0.092938
0.091520
0.085694
0.092479
0.088367
0.089859
0.085495
0.090196
0.087197
0.094065
0.092294
0.092210
0.090147
0.088051
0.088484
0.088674
0.091949
0.099185
0.092084
0.094251
0.092713
0.093119
0.093373
0.093014
0.094748
0.093717
0.093681
0.094008
0.091063
0.095915
0.089201
0.094170
0.096501
0.094734
0.092832
0.092803
0.094103
0.090389
0.093888
0.093263
0.092872
0.093544
0.093711
0.092561
0.093338
0.097032
0.093946
0.090637
0.095114
0.095290
0.093436
0.095331
0.095773
0.095740
0.093486
0.094284
0.095452
0.094240
0.093904
0.093816
0.094741
0.093577
0.095117
0.099627
0.095595
0.099041
0.094993
0.095173
0.093343
0.094206
0.094669
0.094226
0.095678
0.094615
0.095371
0.096306
0.095064
0.096945
0.095794
0.096516
0.097340
0.095425
0.095831
0.099172
0.098488
0.098086
0.094896
0.092066
0.097696
0.096184
0.097785
0.096325
0.097897
0.098722
0.095716
0.098162
0.096652
0.098629
0.098233
0.101259
0.100295
0.099303
0.096851
0.097889
0.105812
0.103588
0.100553
0.099809
0.100396
0.100241
0.101910
0.098502
0.115239
0.102907
0.099537
0.098204
0.101717
0.099984
0.098263
0.097010
0.114131
0.102291
0.109697
0.102236
0.113341
0.098841
0.097943
0.108780
0.097590
0.100187
0.098692
0.098035
0.099845
0.101728
0.099650
0.096976
0.101943
0.099711
0.097873
0.095664
0.096040
0.098560
0.102237
0.093736
0.100223
0.113513
0.100824
0.098157
0.101942
0.099865
0.103399
0.101670
0.099589
0.099971
0.102627
0.098924
0.099905
0.103392
0.100280
0.099496
0.100924
0.097897
0.102500
0.102256
0.098862
0.103632
0.104404
0.102797
0.103757
0.101620
0.101534
0.102593
0.099166
0.099843
0.100549
0.099060
0.103360
0.105213
0.103202
0.101936
0.103176
0.100735
0.100668
0.104083
0.105416
0.102976
0.104548
0.103808
0.101050
0.101528
0.105302
0.102457
0.101205
0.104077
0.102935
0.101774
0.105097
0.102822
0.106897
0.105375
0.105710
0.102465
0.102160
0.102696
0.103036
0.104952
0.102986
0.105738
0.105530
0.106577
0.101096
0.102442
0.104944
0.108590
0.102147
0.105306
0.105439
0.104271
0.103556
0.109721
0.100981
0.103765
0.102442
0.107020
0.102153
0.100421
0.104941
0.103707
0.106652
0.105374
0.124041
0.106504
0.107958
0.105210
0.104992
0.107519
0.106020
0.103796
0.105909
0.106565
0.105148
0.105797
0.104452
0.104257
0.106717
0.104868
0.108037
0.106173
0.106731
0.109536
0.105089
0.106864
0.107094
0.106064
0.108800
0.107304
0.108188
0.107852
0.106508
0.105134
0.105694
0.102569
0.108888
0.104170
0.104512
0.104955
0.108647
0.105791
0.105411
0.109252
0.092343
0.094028
0.092316
0.091136
0.091575
0.091643
0.113274
0.100918
0.094818
0.097553
0.110977
0.129278
0.111329
0.112473
0.102685
0.091697
0.098110
0.100232
0.093382
0.091968
0.092034
0.092534
0.093822
0.095452
0.096452
0.093924
0.092830
0.105005
0.101417
0.094594
0.098358
0.103713
0.098482
0.093853
0.093592
0.101748
0.093463
0.102022
0.107637
0.099208
0.092971
0.094771
0.093833
0.093365
0.095122
0.093483
0.094823
0.096940
0.094143
0.095510
0.094640
0.095308
0.097313
0.095139
0.095436
0.095713
0.094414
0.094042
0.095068
0.095804
0.095526
0.109300
0.100404
0.094516
0.095792
0.095122
0.097119
0.094702
0.097658
0.096643
0.095336
0.096071
0.097074
0.095871
0.094911
0.095423
0.096073
0.094710
0.094600
0.095559
0.096990
0.095479
0.095561
0.095842
0.095931
0.103156
0.096742
0.097490
0.095446
0.097603
0.095932
0.095923
0.095306
0.097323
0.096608
0.096377
0.096890
0.095586
0.096770
0.096461
0.096429
0.096756
0.096853
0.098145
0.097472
0.097184
0.096470
0.097975
0.096975
0.097589
0.114565
0.115889
0.120093
0.119648
0.122466
0.117915
0.108821
0.098062
0.102943
0.098546
0.098025
0.097092
0.097433
0.099031
0.102159
0.107876
0.098312
0.096317
0.125845
0.097637
0.098212
0.103123
0.121890
0.100121
0.100488
0.100438
0.124418
0.100205
0.097713
0.132292
0.104678
0.099319
0.119700
0.129649
0.099042
0.098834
0.126871
0.099952
0.107112
0.101006
0.100400
0.100560
0.133878
0.127294
0.123981
0.117714
0.101467
0.100717
0.119366
0.121485
0.115789
0.118109
0.118973
0.100706
0.100546
0.099858
0.100919
0.100527
0.099826
0.122062
0.116842
0.115056
0.116377
0.112317
0.104134
0.120955
0.111040
0.107522
0.101602
0.117730
0.100633
0.101261
0.103873
0.105705
0.101592
0.099690
0.102927
0.100482
0.102905
0.107406
0.127838
0.110110
0.114095
0.101520
0.101001
0.101885
0.102112
0.109773
0.102542
0.102107
0.100161
0.100722
0.101282
0.101060
0.101605
0.101994
0.102505
0.103263
0.112385
0.120000
0.128858
0.120666
0.104768
0.103409
0.110738
0.120170
0.122170
0.121534
0.116386
0.122505
0.129136
0.118507
0.119385
0.108743
0.103019
0.103070
0.118895
0.103926
0.105171
0.105591
0.104297
0.103860
0.116676
0.128384
0.122593
0.127493
0.131527
0.118737
0.120598
0.102322
0.106456
0.124957
0.127469
0.125463
0.125195
0.103708
0.103189
0.104518
0.110322
0.104100
0.106046
0.105242
0.110528
0.104503
0.124402
0.107122
0.113486
0.105314
0.104554
0.110755
0.104504
0.104654
0.105427
0.107638
0.125463
0.128580
0.128358
0.112487
0.107668
0.107050
0.108005
0.119527
0.118673
0.108957
0.107013
0.106256
0.106117
0.115115
0.112590
0.121358
0.128950
0.122830
0.133279
0.112596
0.104895
0.105894
0.105935
0.111031
0.107036
0.107449
0.107763
0.106780
0.107029
0.108566
0.105541
0.109400
0.105579
0.106725
0.112944
0.129645
0.126496
0.127228
0.129294
0.125735
0.128307
0.124898
0.124685
0.128372
0.143584
0.128833
0.128161
0.124129
0.132144
0.128996
0.131578
0.133779
0.133405
0.130728
0.136357
0.130042
0.135825
0.135980
0.133270
0.136436
0.133187
0.130201
0.134058
0.139411
0.133455
0.133351
0.131455
0.132389
0.130070
0.132321
0.133422
0.132723
0.132333
0.133076
0.131457
0.133155
0.130892
0.133865
0.136901
0.132081
0.135120
0.131112
0.137517
0.141119
0.132408
0.139106
0.134082
0.135032
0.137180
0.135779
0.134156
0.139422
0.139823
0.147844
0.136097
0.136833
0.137448
0.136405
0.135816
0.138252
0.139536
0.138407
0.133258
0.140631
0.140886
0.163388
0.137896
0.128898
0.141695
0.136780
0.137174
0.133354
0.134375
0.140302
0.134164
0.143736
0.136198
0.137247
0.134677
0.127042
0.125614
0.125105
0.125913
0.127080
0.127240
0.124961
0.125570
0.120283
0.131362
0.121936
0.126646
0.129374
0.127888
0.124489
0.133507
0.130416
0.129444
0.132853
0.130061
0.131666
0.138705
0.132541
0.130562
0.135749
0.127859
0.128982
0.132602
0.135934
0.131772
0.135627
0.133326
0.134939
0.136793
0.134256
0.128302
0.140291
0.143547
0.141880
0.136998
0.133164
0.123745
0.140160
0.126435
0.135208
0.140749
0.133975
0.137136
0.133477
0.133695
0.141884
0.139911
0.141620
0.142444
0.127526
0.142753
0.136082
0.138430
0.134744
0.126809
0.135658
0.137760
0.135967
0.132310
0.142375
0.130286
0.133524
0.135441
0.137624
0.132852
0.139653
0.135255
0.142639
0.137038
0.138998
0.129622
0.134051
0.135659
0.154382
0.141868
0.139721
0.128601
0.137372
0.139457
0.129603
0.131805
0.131608
0.138553
0.131496
0.140334
0.128520
0.141931
0.131282
0.140408
0.139031
0.133692
0.136059
0.141963
0.136174
0.136882
0.144493
0.138498
0.141836
0.132365
0.131196
0.126102
0.138922
0.132935
0.142356
0.140910
0.142229
0.144548
0.146351
0.142250
0.138972
0.140762
0.136330
0.137300
0.128305
0.129657
0.139932
0.146986
0.141660
0.138234
0.142582
0.142653
0.129708
0.133358
0.128611
0.135250
0.143672
0.132474
0.142971
0.136431
0.139369
0.133962
0.143243
0.137861
0.140392
0.147190
0.144112
0.144227
0.145248
0.144560
0.142954
0.142528
0.141181
0.130094
0.143857
0.135807
0.151979
0.145348
0.146030
0.143215
0.136651
0.147380
0.148181
0.139629
0.146285
0.144903
0.146312
0.148140
0.141654
0.144267
0.142442
0.134112
0.148865
0.148848
0.142949
0.137806
0.135134
0.137369
0.154635
0.146345
0.147348
0.140524
0.141519
0.136566
0.143592
0.144163
0.143914
0.142471
0.143326
0.131902
0.147537
0.148358
0.149989
0.166159
0.150744
0.148982
0.137653
0.133812
0.144954
0.134430
0.143328
0.148399
0.133698
0.139922
0.139793
0.134860
0.130913
0.161780
0.149777
0.144419
0.134641
0.136576
0.144780
0.145477
0.140546
0.142860
0.149479
0.151407
0.146036
0.147722
0.136397
0.147896
0.144798
0.142555
0.146207
0.154343
0.143162
0.140018
0.145332
0.139988
0.147402
0.139916
0.141453
0.149903
0.144108
0.144561
0.141249
0.144322
0.146241
0.150122
0.147911
0.142768
0.154778
0.157542
0.150456
0.144926
0.140364
0.153965
0.146720
0.149091
0.149650
0.139295
0.149184
0.145798
0.156794
0.145380
0.153012
0.145713
0.149470
0.148955
0.147516
0.149794
0.149029
0.147957
0.148109
0.149433
0.152617
0.143480
0.154816
0.147571
0.150134
0.149013
0.146601
0.148805
0.154759
0.148398
0.152508
0.149076
0.150063
0.145218
0.154227
0.152833
0.143184
0.148090
0.150048
0.146000
0.142965
0.148310
0.157251
0.158447
0.154797
0.155351
0.151855
0.146684
0.155823
0.152546
0.155782
0.155033
0.152262
0.153236
0.150317
0.151909
0.158038
0.154182
0.154256
0.158130
0.146221
0.153933
0.156064
0.155444
0.156501
0.160213
0.152681
0.153228
0.158991
0.150135
0.155347
0.147129
0.155805
0.156417
0.143354
0.158720
0.151833
0.150989
0.161417
0.156693
0.152467
0.157708
0.152125
0.148324
0.144890
0.145544
0.155922
0.148570
0.140047
0.153573
0.155400
0.154037
0.147901
0.150145
0.147243
0.155183
0.159923
0.148302
0.154582
0.149757
0.151756
0.160869
0.142363
0.153082
0.147455
0.161105
0.145329
0.162531
0.155119
0.159916
0.158516
0.153914
0.161451
0.138114
0.148376
0.149251
0.148038
0.144388
0.157492
0.143885
0.159754
0.152300
0.158590
0.156923
0.153990
0.154218
0.162039
0.150744
0.152541
0.155228
0.150318
0.156921
0.146771
0.161618
0.154925
0.152444
0.159260
0.148493
0.159777
0.153699
0.156389
0.146899
0.153517
0.160009
0.157996
0.154112
0.156150
0.154445
0.149569
0.150916
0.153743
0.159882
0.164763
0.163782
0.157913
0.155638
0.159035
0.158752
0.153851
0.162035
0.152370
0.151369
0.146283
0.162051
0.164063
0.165323
0.162736
0.162896
0.156576
0.159739
0.163780
0.155637
0.167999
0.145377
0.158695
0.162332
0.160481
0.155358
0.155570
0.162580
0.168122
0.155065
0.157055
0.151842
0.156869
0.159417
0.162031
0.152066
0.161312
0.155268
0.160202
0.151213
0.153046
0.163663
0.163900
0.167724
0.163807
0.167882
0.158340
0.154301
0.157564
0.160819
0.164272
0.166808
0.169689
0.162181
0.164658
0.159162
0.154093
0.160679
0.162449
0.150668
0.162034
0.155444
0.162416
0.164428
0.153274
0.161053
0.161110
0.158318
0.164370
0.159241
0.164476
0.159637
0.161794
0.158388
0.162792
0.153862
0.155163
0.172389
0.168745
0.216204
0.201709
0.225236
0.265795
0.223743
0.172614
0.176868
0.194995
0.163378
0.177339
0.175447
0.175350
0.175290
0.174700
0.176725
0.175392
0.174223
0.170729
0.169120
0.160693
0.160738
0.148327
0.161752
0.145922
0.147076
0.164494
0.159352
0.161512
0.169163
0.156255
0.156587
0.148896
0.176575
0.162373
0.160709
0.159114
0.164367
0.168712
0.173877
0.164487
0.169003
0.174311
0.173103
0.163417
0.171776
0.171884
0.173781
0.164624
0.174427
0.165574
0.169233
0.159805
0.152798
0.168316
0.177131
0.175309
0.168068
0.174621
0.169767
0.168137
0.164100
0.165256
0.171157
0.166087
0.167171
0.183940
0.171119
0.166256
0.156259
0.172943
0.169560
0.175557
0.162293
0.170344
0.166616
0.159626
0.152670
0.174602
0.177148
0.176893
0.165958
0.172127
0.169218
0.165508
0.181852
0.167396
0.165360
0.169328
0.178572
0.177710
0.175503
0.174336
0.173094
0.174543
0.177242
0.174202
0.173184
0.169378
0.167212
0.180568
0.172771
0.168399
0.173521
0.157736
0.166375
0.178882
0.166576
0.177242
0.168753
0.189081
0.172064
0.173740
0.176484
0.166878
0.160160
0.165595
0.173316
0.172146
0.166441
0.171082
0.168806
0.169954
0.175773
0.170189
0.173211
0.171745
0.163119
0.173837
0.177793
0.170042
0.156601
0.182494
0.169603
0.175168
0.171846
0.160988
0.172387
0.174979
0.173262
0.177477
0.171804
0.168189
0.175586
0.175670
0.172740
0.171362
0.179728
0.169426
0.175307
0.178259
0.171938
0.171292
0.176712
0.173452
0.186281
0.172714
0.179379
0.170476
0.179020
0.175859
0.172410
0.195446
0.179078
0.169154
0.176686
0.180349
0.183505
0.178921
0.176607
0.173299
0.177453
0.176594
0.175876
0.179543
0.177318
0.175895
0.165640
0.179087
0.182092
0.182922
0.177273
0.174587
0.175606
0.184422
0.184915
0.174562
0.175225
0.168405
0.182858
0.173808
0.179799
0.183162
0.183691
0.181414
0.175218
0.175975
0.171929
0.180380
0.202267
0.182110
0.177354
0.183251
0.182057
0.171851
0.176621
0.204138
0.186559
0.190305
0.185984
0.180634
0.176761
0.181377
0.173165
0.174112
0.166632
0.177263
0.172524
0.164464
0.184149
0.177866
0.176502
0.166280
0.166957
0.158920
0.181359
0.171397
0.167404
0.181895
0.186670
0.170881
0.172254
0.175636
0.180491
0.186559
0.177847
0.169084
0.170093
0.176435
0.168669
0.179292
0.174663
0.176385
0.162593
0.181908
0.173687
0.173206
0.174361
0.175470
0.172051
0.185566
0.178421
0.181023
0.204902
0.185415
0.176695
0.178293
0.172335
0.174845
0.179380
0.182640
0.169776
0.181184
0.173786
0.167792
0.178974
0.178699
0.172478
0.179110
0.176084
0.172778
0.187682
0.191893
0.187275
0.190087
0.192638
0.188648
0.180528
0.191738
0.191076
0.188824
0.175441
0.171802
0.186663
0.176280
0.173755
0.182293
0.177002
0.190162
0.189942
0.190110
0.189548
0.183595
0.182264
0.177446
0.171803
0.183063
0.188520
0.173281
0.176663
0.185754
0.183618
0.195561
0.191424
0.192674
0.180498
0.188733
0.189642
0.181075
0.178582
0.186283
0.175195
0.188567
0.176864
0.183520
0.186691
0.180852
0.192654
0.179713
0.179655
0.171826
0.182775
0.179444
0.182598
0.185346
0.183316
0.187476
0.194607
0.196042
0.173513
0.176901
0.171783
0.187780
0.184245
0.180454
0.178246
0.195151
0.181547
0.178448
0.188694
0.190538
0.200185
0.191183
0.197138
0.191909
0.191620
0.190603
0.191692
0.182444
0.198728
0.196938
0.192939
0.186932
0.196307
0.193352
0.194136
0.184471
0.208092
0.201800
0.188786
0.191657
0.191265
0.181115
0.190652
0.193667
0.193442
0.191315
0.184872
0.200145
0.193585
0.179380
0.195105
0.197272
0.190974
0.189872
0.191525
0.194411
0.187864
0.184059
0.190735
0.189988
0.205233
0.202173
0.197031
0.182089
0.191605
0.191589
0.193332
0.189159
0.189194
0.197039
0.182690
0.174662
0.198955
0.199157
0.195541
0.196246
0.198165
0.190718
0.193802
0.194987
0.198368
0.192102
0.192954
0.196980
0.202271
0.198811
0.200190
0.182524
0.196855
0.199892
0.197283
0.196005
0.201753
0.193726
0.194561
0.199861
0.197425
0.192607
0.189613
0.197239
0.187334
0.193949
0.195112
0.182843
0.219828
0.194971
0.199186
0.202754
0.195379
0.196890
0.196135
0.186304
0.196340
0.189724
0.203494
0.199771
0.190588
0.195045
0.188397
0.187274
0.188772
0.185422
0.198658
0.190692
0.197732
0.201888
0.195569
0.195492
0.201817
0.196225
0.200131
0.186766
0.212056
0.203245
0.196489
0.199328
0.207542
0.204492
0.217702
0.203028
0.202361
0.197036
0.198323
0.199518
0.206803
0.198794
0.197747
0.197596
0.203896
0.201383
0.206844
0.200115
0.199444
0.200956
0.199259
0.199995
0.202497
0.202394
0.203093
0.194302
0.208461
0.218898
0.205667
0.203317
0.198065
0.196709
0.194215
0.207216
0.201060
0.205556
0.199548
0.205419
0.200620
0.195736
0.209478
0.200253
0.194658
0.213902
0.209844
0.192755
0.200425
0.201361
0.209445
0.201649
0.200350
0.199474
0.208097
0.202502
0.207034
0.207893
0.201622
0.205713
0.190076
0.203501
0.203481
0.198562
0.202499
0.191482
0.204843
0.215749
0.210079
0.200629
0.210416
0.206229
0.198737
0.201470
0.200234
0.199719
0.205291
0.200412
0.215957
0.206656
0.210137
0.200416
0.198419
0.210630
0.198411
0.201874
0.205819
0.194036
0.206925
0.205923
0.205393
0.208320
0.214565
0.207048
0.210276
0.206645
0.206467
0.198685
0.188170
0.198125
0.208199
0.194238
0.209226
0.213409
0.204915
0.205522
0.209793
0.212459
0.198699
0.210971
0.211328
0.207580
0.208287
0.199661
0.203262
0.215302
0.196756
0.201986
0.192475
0.216920
0.215072
0.206531
0.202046
0.213795
0.207857
0.206320
0.208329
0.211512
0.222559
0.214960
0.214845
0.207715
0.206684
0.206695
0.207597
0.208441
0.210847
0.221213
0.210673
0.206244
0.202013
0.207541
0.211711
0.207108
0.217703
0.210944
0.204790
0.205823
0.217061
0.206301
0.204738
0.210644
0.213032
0.211004
0.217504
0.218937
0.206155
0.210548
0.213089
0.220621
0.210125
0.237309
0.215683
0.214554
0.214695
0.203279
0.217866
0.214873
0.209920
0.193915
0.214463
0.212846
0.214700
0.210710
0.214147
0.214514
0.213729
0.210663
0.211076
0.217084
0.215070
0.216563
0.219558
0.212453
0.214873
0.210705
0.212665
0.208905
0.220678
0.223817
0.204246
0.208411
0.217269
0.206886
0.212727
0.221895
0.217738
0.212669
0.218249
0.222365
0.222965
0.224199
0.207921
0.205795
0.212231
0.210983
0.214465
0.205386
0.214701
0.214612
0.215517
0.219267
0.220087
0.221503
0.219551
0.213934
0.219363
0.211267
0.213858
0.221371
0.223915
0.223437
0.217278
0.223930
0.212940
0.211221
0.209172
0.216001
0.221194
0.216878
0.215176
0.210541
0.223878
0.211449
0.241903
0.227535
0.217455
0.193548
0.200307
0.209881
0.224504
0.221423
0.236350
0.223940
0.207634
0.215545
0.206174
0.206591
0.218172
0.221395
0.207057
0.226355
0.229485
0.219686
0.225033
0.238853
0.226404
0.223900
0.203752
0.205944
0.224639
0.224752
0.230367
0.216656
0.227346
0.223346
0.218427
0.238569
0.225888
0.223187
0.225122
0.207498
0.217035
0.200656
0.225418
0.227816
0.218487
0.215496
0.217945
0.213668
0.220652
0.231472
0.215668
0.201259
0.228138
0.220152
0.224429
0.235462
0.229961
0.215117
0.219088
0.221055
0.218528
0.216815
0.216414
0.225270
0.216218
0.228722
0.226745
0.220229
0.230789
0.225201
0.207923
0.209442
0.224871
0.217753
0.211034
0.213962
0.216090
0.218640
0.217624
0.208409
0.226681
0.243959
0.211854
0.224864
0.218453
0.215554
0.219499
0.227455
0.221532
0.224206
0.232200
0.223016
0.228906
0.221542
0.230850
0.225774
0.214965
0.224736
0.216360
0.223174
0.224950
0.228717
0.225357
0.229323
0.229145
0.228606
0.230318
0.233053
0.217451
0.233477
0.229869
0.215407
0.225913
0.228239
0.226933
0.225994
0.230945
0.224946
0.230139
0.236042
0.234059
0.228156
0.215596
0.223860
0.223861
0.236007
0.243957
0.232349
0.229145
0.223783
0.230216
0.229732
0.228176
0.228518
0.226711
0.229011
0.224521
0.234826
0.231604
0.227742
0.219037
0.233107
0.213004
0.225416
0.233537
0.226004
0.225862
0.228389
0.237958
0.226324
0.226913
0.243009
0.231870
0.228408
0.227423
0.234527
0.231191
0.223071
0.236855
0.226980
0.228800
0.227417
0.224203
0.220464
0.220356
0.217987
0.223730
0.225759
0.231146
0.219713
0.232252
0.220177
0.230321
0.224150
0.221843
0.232405
0.225207
0.227665
0.231372
0.230818
0.233459
0.215940
0.225337
0.231039
0.219268
0.239242
0.224999
0.232570
0.230463
0.233513
0.230722
0.226895
0.230253
0.228105
0.229400
0.234035
0.233275
0.230867
0.229371
0.236236
0.235437
0.235744
0.235242
0.236813
0.242978
0.227388
0.225041
0.244478
0.233377
0.235718
0.240394
0.242948
0.231790
0.227423
0.228330
0.232490
0.228790
0.229098
0.238172
0.234649
0.224152
0.235685
0.241435
0.228100
0.238422
0.249819
0.230067
0.232009
0.226372
0.228417
0.243718
0.235716
0.242238
0.239068
0.236441
0.234705
0.238703
0.234998
0.229755
0.232038
0.234588
0.226243
0.233034
0.225547
0.238981
0.244752
0.229058
0.225140
0.258124
0.243733
0.228149
0.232428
0.228543
0.229001
0.218243
0.240468
0.234115
0.235557
0.229335
0.241164
0.226337
0.230439
0.232048
0.241437
0.239334
0.243140
0.242155
0.237542
0.230201
0.231044
0.231071
0.228621
0.240285
0.282478
0.247348
0.239989
0.223522
0.242300
0.224766
0.229854
0.240028
0.233580
0.233089
0.252125
0.237787
0.226946
0.232838
0.243541
0.241919
0.235456
0.242848
0.241495
0.244414
0.249130
0.242251
0.233588
0.234978
0.241954
0.236403
0.236038
0.232831
0.237781
0.243411
0.222143
0.231920
0.235491
0.233001
0.233938
0.231173
0.239581
0.233937
0.236460
0.237318
0.244509
0.244235
0.240952
0.236236
0.239123
0.235513
0.244128
0.238289
0.245410
0.247597
0.249065
0.247782
0.245775
0.246289
0.243517
0.244319
0.253624
0.247821
0.239790
0.236799
0.241101
0.250588
0.248255
0.236056
0.238979
0.250864
0.240232
0.243569
0.254533
0.254268
0.240888
0.252648
0.244126
0.235167
0.234751
0.242669
0.266627
0.248299
0.235637
0.234005
0.240464
0.241743
0.250940
0.249337
0.244872
0.242691
0.245516
0.249070
0.254088
0.244209
0.244810
0.249218
0.240427
0.240283
0.241237
0.244999
0.280313
0.249444
0.256322
0.252678
0.243797
0.239496
0.240404
0.243442
0.276843
0.254697
0.243729
0.253823
0.250160
0.241046
0.241469
0.245705
0.239345
0.248672
0.246497
0.246363
0.235862
0.247327
0.239478
0.255019
0.256512
0.247941
0.243884
0.252258
0.249780
0.246356
0.251588
0.249009
0.256103
0.253614
0.245060
0.238552
0.257263
0.243575
0.246395
0.248917
0.245220
0.249847
0.246698
0.254708
0.252893
0.259188
0.251893
0.252390
0.247628
0.242218
0.239883
0.242684
0.251077
0.235738
0.248994
0.244733
0.244654
0.249100
0.250605
0.247891
0.246907
0.245048
0.244683
0.252611
0.256011
0.254345
0.240672
0.248774
0.254311
0.256044
0.248855
0.239246
0.249675
0.247748
0.254729
0.243219
0.250208
0.244012
0.247365
0.248804
0.248647
0.246739
0.250344
0.244895
0.241474
0.253376
0.244029
0.245182
0.238992
0.237836
0.258016
0.248295
0.271692
0.253154
0.239315
0.253507
0.259251
0.239776
0.276297
0.274132
0.281070
0.296247
0.276647
0.281625
0.264764
0.268871
0.264497
0.248627
0.254007
0.269981
0.266480
0.210740
0.198259
0.214218
0.199810
0.195905
0.198085
0.195105
0.196489
0.196469
0.195507
0.214636
0.249321
0.198959
0.199972
0.199973
0.209642
0.207200
0.230543
0.211437
0.266838
0.300637
0.260151
0.252098
0.208568
0.199879
0.298395
0.281602
0.231034
0.235149
0.229277
0.205874
0.283677
0.280447
0.234912
0.203748
0.236444
0.244714
0.206257
0.201838
0.215934
0.237263
0.225435
0.205898
0.202776
0.198721
0.233484
0.228267
0.252075
0.209310
0.199174
0.203097
0.203721
0.198535
0.200955
0.235260
0.250660
0.196627
0.251261
0.208563
0.229838
0.249038
0.239991
0.210818
0.248828
0.269103
0.288891
0.262200
0.245124
0.255985
0.254562
0.262377
0.204844
0.203020
0.202100
0.203051
0.283679
0.202703
0.204565
0.266858
0.252239
0.296629
0.219321
0.257827
0.241512
0.268192
0.247948
0.252003
0.198337
0.202934
0.208669
0.200776
0.202357
0.207151
0.200978
0.219653
0.200775
0.204220
0.203332
0.205278
0.200571
0.199191
0.200224
0.207377
0.201539
0.209271
0.259609
0.203848
0.204777
0.203430
0.208497
0.204207
0.224045
0.225108
0.210608
0.210506
0.203165
0.201281
0.202575
0.200168
0.201636
0.203376
0.200626
0.201850
0.201405
0.214109
0.207843
0.201219
0.201916
0.202467
0.242017
0.208769
0.205193
0.204188
0.202503
0.206734
0.206730
0.203771
0.206398
0.205226
0.203655
0.203224
0.201997
0.206125
0.219227
0.207994
0.205839
0.205943
0.201530
0.238766
0.203017
0.206619
0.205643
0.205906
0.205085
0.229294
0.204239
0.206519
0.204665
0.205173
0.205934
0.205234
0.205639
0.202681
0.206816
0.205266
0.206102
0.208637
0.208076
0.203773
0.208151
0.205107
0.207973
0.204876
0.205768
0.204370
0.207931
0.205372
0.203338
0.202020
0.215002
0.207470
0.203452
0.205290
0.205427
0.206468
0.204386
0.205157
0.205890
0.208771
0.207844
0.206812
0.203945
0.204495
0.206852
0.219180
0.206826
0.205037
0.210373
0.206215
0.208699
0.226368
0.207768
0.207222
0.206275
0.219141
0.207813
0.206261
0.207303
0.206147
0.212234
0.211268
0.206811
0.206850
0.208762
0.209518
0.206256
0.210125
0.207806
0.210499
0.208912
0.207030
0.210074
0.216902
0.211152
0.208886
0.212854
0.209458
0.207178
0.208517
0.211377
0.209879
0.274325
0.208821
0.209966
0.212035
0.205788
0.207652
0.207675
0.207216
0.217078
0.208876
0.209743
0.208985
0.207654
0.206896
0.206828
0.210447
0.205536
0.208999
0.210998
0.206866
0.209692
0.210684
0.216844
0.208807
0.209602
0.208145
0.214130
0.207325
0.208779
0.210671
0.212669
0.209336
0.211381
0.211932
0.211765
0.210613
0.206987
0.210394
0.211621
0.207986
0.209527
0.211440
0.212359
0.213065
0.209568
0.207970
0.215794
0.214481
0.208402
0.210376
0.212436
0.246888
0.214219
0.212907
0.209450
0.215823
0.222785
0.210418
0.211487
0.213366
0.212501
0.211322
0.213959
0.210289
0.211572
0.211407
0.215411
0.211067
0.210734
0.213196
0.216918
0.215180
0.221881
0.211089
0.211060
0.213691
0.214597
0.211689
0.215280
0.214206
0.210057
0.212933
0.214601
0.211322
0.212719
0.215186
0.217405
0.214081
0.210785
0.214196
0.212576
0.213311
0.216446
0.211909
0.210995
0.212338
0.215054
0.213662
0.215155
0.216296
0.213306
0.217063
0.215801
0.215758
0.215976
0.211929
0.213883
0.214912
0.215781
0.215452
0.214699
0.209580
0.214078
0.224007
0.216022
0.214281
0.219421
0.215937
0.211958
0.220323
0.217922
0.227397
0.215174
0.220172
0.215550
0.212872
0.214271
0.220376
0.217841
0.217090
0.216791
0.214173
0.213138
0.259870
0.214899
0.218310
0.218252
0.213788
0.216879
0.224958
0.224880
0.216884
0.216309
0.217433
0.219515
0.216987
0.219259
0.218190
0.219753
0.218526
0.228582
0.217643
0.220245
0.218143
0.222266
0.219145
0.230359
0.217059
0.220817
0.220263
0.217079
0.217604
0.215644
0.236822
0.218212
0.216795
0.215956
0.218839
0.221089
0.219716
0.220377
0.214392
0.219432
0.229231
0.218030
0.222691
0.220135
0.218453
0.217190
0.217262
0.220662
0.219511
0.215251
0.221276
0.220018
0.216701
0.220371
0.219241
0.219382
0.242944
0.229790
0.226817
0.233184
0.217374
0.220493
0.218639
0.222585
0.218361
0.223048
0.220375
0.231412
0.224470
0.222403
0.235232
0.217280
0.220183
0.222080
0.224301
0.222339
0.220446
0.222001
0.222263
0.218438
0.220678
0.219271
0.235119
0.217561
0.221642
0.220209
0.231824
0.218107
0.219283
0.222066
0.220059
0.224413
0.222948
0.224228
0.223340
0.220793
0.224320
0.224618
0.224315
0.223714
0.221426
0.224877
0.219789
0.221317
0.222628
0.221847
0.224936
0.224480
0.222850
0.218715
0.221744
0.221763
0.224953
0.220893
0.222727
0.224124
0.223644
0.224351
0.238032
0.222367
0.224435
0.221473
0.239085
0.221384
0.220747
0.241258
0.220456
0.222829
0.225781
0.221224
0.228152
0.223344
0.225378
0.222552
0.226615
0.235666
0.224015
0.226758
0.226420
0.224448
0.236147
0.224361
0.224380
0.224218
0.231088
0.224327
0.224954
0.229298
0.270015
0.237234
0.226101
0.229068
0.224378
0.224752
0.221253
0.223091
0.223256
0.230317
0.227511
0.227184
0.225793
0.229042
0.221666
0.227826
0.227111
0.229678
0.259881
0.223828
0.228030
0.224184
0.225143
0.225179
0.226431
0.236112
0.226165
0.228857
0.233769
0.228256
0.247945
0.227604
0.225663
0.267230
0.226904
0.238505
0.230165
0.240809
0.237120
0.238594
0.228835
0.224971
0.230546
0.225573
0.230829
0.251304
0.231389
0.228063
0.225661
0.227189
0.231590
0.226737
0.229285
0.231405
0.232924
0.226655
0.230531
0.237245
0.228158
0.230734
0.228983
0.227157
0.226749
0.228951
0.230173
0.268025
0.226018
0.227608
0.237335
0.232150
0.253796
0.228165
0.229532
0.227583
0.226443
0.231318
0.229864
0.231074
0.230109
0.231633
0.229484
0.231019
0.229107
0.226886
0.236753
0.230459
0.229607
0.229350
0.226287
0.225529
0.230226
0.224199
0.231940
0.229633
0.298644
0.232972
0.232026
0.234584
0.230509
0.229695
0.253410
0.240910
0.227658
0.233540
0.229345
0.233710
0.231040
0.232021
0.233602
0.229334
0.230746
0.234028
0.242456
0.253774
0.236119
0.229554
0.230571
0.227682
0.229982
0.230142
0.233751
0.229093
0.231016
0.231328
0.228946
0.231275
0.232720
0.232433
0.230139
0.232513
0.230336
0.233014
0.234156
0.232909
0.232087
0.233607
0.233825
0.229924
0.231570
0.233419
0.233972
0.233420
0.235586
0.230910
0.236450
0.258964
0.234407
0.237295
0.234344
0.235445
0.233238
0.236748
0.242388
0.230722
0.230106
0.231819
0.235784
0.231886
0.238849
0.235579
0.232562
0.235775
0.239576
0.231079
0.239491
0.231180
0.239802
0.234675
0.234616
0.234785
0.234043
0.236998
0.239805
0.233382
0.246540
0.233867
0.236809
0.233897
0.233914
0.231906
0.252791
0.239359
0.237302
0.264008
0.338590
0.233141
0.236747
0.235754
0.239900
0.236809
0.236320
0.238968
0.235937
0.238184
0.234281
0.243032
0.237878
0.242354
0.236759
0.236198
0.236602
0.242508
0.238955
0.242615
0.235811
0.235141
0.239203
0.240483
0.234496
0.239606
0.240769
0.235750
0.240630
0.239100
0.236998
0.238126
0.251263
0.237699
0.238082
0.250942
0.237330
0.236279
0.279445
0.236823
0.234579
0.236991
0.244876
0.234656
0.242695
0.243288
0.235775
0.234139
0.306964
0.247175
0.249574
0.240832
0.238362
0.241919
0.239764
0.240163
0.234726
0.237780
0.237287
0.238493
0.246296
0.239729
0.239118
0.245611
0.240905
0.241957
0.245337
0.237033
0.241523
0.247223
0.243403
0.241469
0.241870
0.242018
0.276171
0.240367
0.240873
0.238844
0.240029
0.244403
0.243009
0.247537
0.243010
0.240233
0.247228
0.242462
0.240884
0.238984
0.241289
0.241973
0.240941
0.245407
0.244488
0.239124
0.240733
0.242586
0.236825
0.241962
0.240317
0.242816
0.250728
0.239670
0.242966
0.240706
0.242498
0.243347
0.243909
0.243136
0.244072
0.239994
0.239753
0.240749
0.251682
0.248006
0.242523
0.237560
0.245609
0.241479
0.243669
0.245822
0.238784
0.242659
0.249951
0.254022
0.241074
0.242984
0.303746
0.244157
0.248018
0.245070
0.243260
0.245639
0.248309
0.248554
0.243825
0.261328
0.245105
0.242602
0.247496
0.248269
0.241325
0.246143
0.244829
0.243485
0.246519
0.242062
0.255578
0.246223
0.254385
0.247736
0.295771
0.247766
0.243581
0.243812
0.243895
0.249111
0.245737
0.241856
0.243471
0.246292
0.251264
0.243985
0.245668
0.246085
0.245081
0.246338
0.250904
0.246182
0.245044
0.242222
0.281157
0.270063
0.247646
0.242291
0.245186
0.244533
0.249906
0.250884
0.242659
0.248692
