0.000018
0.000032
0.000050
0.000066
0.000087
0.000102
0.000128
0.000138
0.000158
0.000180
0.000197
0.000315
0.000392
0.000395
0.000372
0.000395
0.000423
0.000447
0.000470
0.000459
0.000451
0.000468
0.000497
0.000516
0.000530
0.000497
0.000519
0.000544
0.000552
0.000575
0.000589
0.000551
0.000565
0.000578
0.000597
0.000622
0.000633
0.000587
0.000606
0.000634
0.000645
0.000659
0.000612
0.000624
0.000641
0.000651
0.000672
0.000691
0.000693
0.000663
0.000680
0.000688
0.000709
0.000725
0.000740
0.000750
0.000781
0.000797
0.000802
0.000827
0.000835
0.000863
0.000878
0.000885
0.000907
0.000921
0.000935
0.000951
0.000963
0.001003
0.000996
0.001016
0.001042
0.001072
0.001071
0.001099
0.001106
0.001105
0.001135
0.001153
0.001196
0.001191
0.001209
0.001229
0.001255
0.001254
0.001271
0.001293
0.001293
0.001317
0.001332
0.001352
0.001367
0.001396
0.001394
0.001417
0.001461
0.001460
0.001463
0.001489
0.001512
0.001517
0.001543
0.001543
0.001578
0.001570
0.001600
0.001628
0.001655
0.001651
0.001671
0.001700
0.001709
0.001724
0.001757
0.001760
0.001790
0.001804
0.001818
0.001819
0.001846
0.001885
0.001884
0.001903
0.001924
0.001926
0.001926
0.001963
0.001975
0.001997
0.002056
0.002035
0.002051
0.002056
0.002093
0.002085
0.002129
0.002140
0.002155
0.002174
0.002195
0.002216
0.002233
0.002253
0.002285
0.002292
0.002304
0.002318
0.002315
0.002353
0.002374
0.002400
0.002396
0.002472
0.002465
0.002502
0.002494
0.002560
0.002524
0.002813
0.002579
0.002638
0.002593
0.002612
0.002629
0.002639
0.002650
0.002696
0.002729
0.002737
0.002741
0.002763
0.002807
0.002851
0.002808
0.002804
0.002907
0.002908
0.002967
0.002918
0.002955
0.002957
0.003058
0.003037
0.003027
0.003027
0.003050
0.003053
0.003105
0.003157
0.003185
0.003165
0.003147
0.003179
0.003217
0.003226
0.003277
0.003285
0.003318
0.003277
0.003295
0.003347
0.003344
0.003353
0.003382
0.003429
0.003418
0.003451
0.003497
0.003464
0.003557
0.003566
0.003609
0.003600
0.003794
0.003785
0.003640
0.003649
0.003704
0.003693
0.003689
0.003741
0.003750
0.003812
0.003778
0.003781
0.003830
0.003809
0.003796
0.003819
0.003837
0.003868
0.003896
0.003868
0.003899
0.003927
0.003959
0.003964
0.003966
0.004041
0.004024
0.004057
0.004071
0.004078
0.004111
0.004108
0.004157
0.004145
0.004169
0.004207
0.004214
0.004288
0.004271
0.004283
0.004295
0.004339
0.004355
0.004364
0.004413
0.004357
0.004406
0.004398
0.004778
0.004887
0.004495
0.004507
0.004536
0.004528
0.004559
0.004584
0.004588
0.004676
0.004652
0.004650
0.004708
0.004718
0.004721
0.004725
0.004747
0.004793
0.004776
0.004809
0.004853
0.004852
0.004876
0.004878
0.004903
0.004931
0.004952
0.004990
0.004986
0.004995
0.005036
0.005033
0.005057
0.005089
0.005073
0.005109
0.005117
0.005143
0.005138
0.005205
0.005206
0.005232
0.005254
0.005244
0.005270
0.005283
0.005309
0.005353
0.005360
0.005402
0.005417
0.005411
0.005413
0.005453
0.005431
0.005517
0.005521
0.005518
0.005619
0.005569
0.005587
0.005644
0.005661
0.005661
0.005694
0.005705
0.005721
0.005730
0.005814
0.005772
0.005823
0.005870
0.005861
0.005899
0.005924
0.005963
0.005965
0.005962
0.005967
0.006016
0.006001
0.006081
0.006063
0.006076
0.006111
0.006143
0.006199
0.006160
0.006165
0.006233
0.006259
0.006273
0.006276
0.006287
0.006281
0.006351
0.006368
0.006430
0.006446
0.006468
0.006431
0.006492
0.006464
0.006543
0.006570
0.006621
0.006595
0.006670
0.006680
0.006635
0.006669
0.006687
0.006712
0.006811
0.006765
0.006770
0.006765
0.006837
0.006861
0.006973
0.006871
0.006913
0.006971
0.006947
0.006995
0.007028
0.007076
0.006963
0.007060
0.007064
0.007093
0.007137
0.007132
0.007141
0.007186
0.007181
0.007219
0.007250
0.007246
0.007378
0.007342
0.007312
0.007382
0.007393
0.007413
0.007438
0.007445
0.007487
0.007497
0.007495
0.007504
0.007549
0.007620
0.007630
0.007591
0.007654
0.007676
0.007674
0.007718
0.007733
0.007733
0.007712
0.007792
0.007810
0.007856
0.007874
0.007882
0.007903
0.007935
0.007904
0.007961
0.007984
0.007972
0.008026
0.008033
0.008052
0.008079
0.008123
0.008142
0.008181
0.008090
0.008316
0.008270
0.008296
0.008294
0.008323
0.008332
0.008399
0.008412
0.008385
0.008391
0.008454
0.008463
0.008488
0.008530
0.008562
0.008411
0.008433
0.008617
0.008639
0.008578
0.008771
0.008643
0.008611
0.008636
0.008657
0.008676
0.008671
0.008711
0.008653
0.008695
0.008662
0.008725
0.008711
0.008831
0.008805
0.008813
0.008877
0.008840
0.008882
0.008883
0.008856
0.008988
0.008944
0.008986
0.009035
0.009055
0.009048
0.009126
0.009097
0.009113
0.009100
0.009108
0.009175
0.009186
0.009247
0.009245
0.012974
0.009196
0.009265
0.009311
0.009379
0.009421
0.009454
0.009428
0.009452
0.009484
0.009521
0.009454
0.009499
0.009529
0.009541
0.009583
0.009554
0.009583
0.009635
0.009669
0.009690
0.009700
0.009698
0.009732
0.009745
0.009794
0.009784
0.009778
0.009814
0.009842
0.009838
0.009921
0.009894
0.010005
0.009945
0.015583
0.009990
0.010971
0.010057
0.010063
0.010085
0.010082
0.010154
0.010181
0.010195
0.010182
0.010235
0.010207
0.010235
0.010261
0.010286
0.010334
0.010419
0.010340
0.010406
0.010422
0.010452
0.010514
0.010498
0.010510
0.010563
0.010526
0.010627
0.010674
0.010633
0.010688
0.010685
0.010691
0.010742
0.010835
0.010802
0.010860
0.010892
0.010943
0.010868
0.010967
0.010938
0.010953
0.010987
0.010987
0.011082
0.011016
0.011077
0.011087
0.011098
0.011108
0.011179
0.011172
0.011244
0.011154
0.011167
0.011132
0.011222
0.011271
0.011313
0.011315
0.011320
0.011325
0.011353
0.011324
0.011348
0.011402
0.011477
0.011464
0.011468
0.011485
0.011509
0.011633
0.011650
0.011597
0.011574
0.011610
0.011608
0.012331
0.011569
0.011649
0.011736
0.011722
0.012437
0.013637
0.011707
0.011780
0.012603
0.011943
0.011965
0.011959
0.012408
0.013137
0.011932
0.012032
0.012057
0.012047
0.012068
0.012017
0.012142
0.012117
0.012113
0.012130
0.012119
0.012191
0.012202
0.012309
0.012315
0.012307
0.012369
0.013035
0.012741
0.012369
0.012375
0.012479
0.013230
0.013528
0.012518
0.012483
0.012557
0.012662
0.012521
0.012601
0.012612
0.012638
0.012758
0.012938
0.012966
0.012773
0.012771
0.012743
0.012793
0.013861
0.012895
0.013093
0.013076
0.013142
0.014756
0.012911
0.012941
0.012950
0.013011
0.013022
0.013030
0.013049
0.013189
0.013160
0.013226
0.013241
0.013185
0.013258
0.013286
0.013378
0.013410
0.013374
0.013427
0.013456
0.013422
0.013526
0.013452
0.013434
0.013501
0.013563
0.013739
0.013741
0.013694
0.013717
0.013783
0.013754
0.013806
0.013864
0.013855
0.013850
0.013903
0.013942
0.013971
0.013932
0.014006
0.014034
0.013892
0.013845
0.013986
0.014023
0.013954
0.014013
0.014177
0.014153
0.014255
0.014242
0.014228
0.014120
0.014180
0.014166
0.014252
0.014176
0.014203
0.014300
0.014419
0.014436
0.014431
0.014528
0.014459
0.014484
0.014564
0.014547
0.014539
0.014589
0.014655
0.014613
0.014670
0.014747
0.015571
0.014571
0.014758
0.014793
0.014829
0.014902
0.014861
0.014949
0.014930
0.014961
0.014975
0.014993
0.015006
0.016955
0.016570
0.017162
0.017105
0.016164
0.015169
0.015240
0.015229
0.015323
0.015345
0.015329
0.015290
0.015836
0.015097
0.015344
0.015415
0.015386
0.015473
0.015572
0.015553
0.015547
0.015572
0.015547
0.015615
0.015661
0.015690
0.015683
0.015792
0.015848
0.015883
0.015871
0.015888
0.015942
0.015943
0.016027
0.016012
0.015939
0.015992
0.015996
0.015996
0.015993
0.015990
0.016091
0.016011
0.016129
0.015864
0.016053
0.016136
0.016031
0.016176
0.016120
0.016223
0.017469
0.016112
0.016373
0.016057
0.016344
0.016417
0.016468
0.016528
0.016511
0.016536
0.016570
0.016545
0.016649
0.016624
0.016599
0.016637
0.016602
0.016740
0.016691
0.016755
0.016752
0.016770
0.016791
0.016709
0.016745
0.016723
0.016860
0.016892
0.016922
0.016915
0.016847
0.016961
0.016871
0.017051
0.017073
0.017022
0.017101
0.017072
0.017161
0.017155
0.017347
0.016976
0.017204
0.017306
0.017374
0.017368
0.017435
0.017442
0.017478
0.017527
0.017438
0.017539
0.017509
0.017539
0.017530
0.017644
0.017595
0.017628
0.017953
0.018305
0.017685
0.017772
0.017777
0.017681
0.017829
0.017785
0.017910
0.017941
0.017887
0.017954
0.018042
0.017977
0.018080
0.018111
0.018106
0.018132
0.018103
0.018043
0.018071
0.018180
0.018227
0.018272
0.018220
0.018245
0.018282
0.018331
0.018345
0.018299
0.018310
0.018363
0.018412
0.018412
0.018467
0.018565
0.018551
0.018578
0.018656
0.018727
0.018696
0.018740
0.018694
0.018719
0.018735
0.018800
0.018888
0.018935
0.018899
0.018922
0.018946
0.019003
0.018893
0.018922
0.018988
0.019039
0.020094
0.018945
0.019149
0.019128
0.019165
0.019140
0.021092
0.019293
0.019070
0.019393
0.019339
0.019410
0.019388
0.019454
0.019414
0.019568
0.019608
0.019491
0.019454
0.019589
0.019507
0.019631
0.019633
0.019635
0.019685
0.019713
0.019770
0.019865
0.019939
0.019946
0.019925
0.020015
0.020011
0.020093
0.020169
0.020152
0.020179
0.020134
0.020122
0.020245
0.020151
0.020201
0.020241
0.020356
0.020272
0.020349
0.020348
0.020369
0.020331
0.020494
0.020549
0.020551
0.020521
0.020530
0.020547
0.020557
0.020526
0.020630
0.020646
0.020788
0.020777
0.020795
0.020857
0.020873
0.020809
0.020973
0.020865
0.020882
0.021002
0.020944
0.020908
0.021037
0.020461
0.020801
0.020850
0.020952
0.020731
0.020862
0.021174
0.020931
0.020943
0.020917
0.021079
0.021113
0.021100
0.021114
0.021106
0.021219
0.021199
0.021191
0.020913
0.021162
0.021267
0.021289
0.021279
0.021329
0.021320
0.021426
0.021279
0.021379
0.021368
0.021479
0.021551
0.021587
0.021687
0.021552
0.021469
0.021586
0.021698
0.021808
0.021818
0.021723
0.021827
0.021888
0.021893
0.021866
0.021888
0.021928
0.022089
0.021938
0.022042
0.022017
0.022091
0.022112
0.022053
0.022172
0.022100
0.022248
0.022278
0.022244
0.022175
0.022232
0.022344
0.022380
0.022455
0.022445
0.022422
0.022465
0.022507
0.022461
0.022477
0.022564
0.022491
0.022652
0.022633
0.022639
0.022861
0.022754
0.022660
0.022737
0.022566
0.022807
0.022902
0.022795
0.022940
0.022887
0.022703
0.022861
0.023016
0.022972
0.022991
0.023007
0.023188
0.023153
0.023154
0.025989
0.023099
0.024121
0.023275
0.023263
0.023455
0.023470
0.023546
0.023389
0.023468
0.023561
0.023446
0.023494
0.023529
0.023579
0.023510
0.023587
0.023892
0.023691
0.023751
0.023659
0.023660
0.023621
0.023682
0.024930
0.025970
0.023868
0.023294
0.023869
0.023891
0.023914
0.023941
0.023957
0.024079
0.024026
0.024198
0.024189
0.024050
0.024130
0.024177
0.024154
0.024156
0.024414
0.024227
0.024203
0.024266
0.024392
0.024567
0.024477
0.024443
0.024539
0.024487
0.024585
0.024585
0.024426
0.024537
0.026069
0.024736
0.024668
0.024677
0.024764
0.044578
0.026153
0.024784
0.024650
0.024422
0.024921
0.024842
0.024860
0.024796
0.025020
0.025029
0.025053
0.025207
0.025193
0.024939
0.025086
0.025045
0.025113
0.025340
0.025405
0.025334
0.025363
0.025052
0.025634
0.025643
0.025795
0.025743
0.025999
0.029017
0.025608
0.025207
0.025828
0.025890
0.025956
0.025842
0.025835
0.026042
0.026013
0.026056
0.026093
0.029095
0.025880
0.025857
0.025866
0.026044
0.025984
0.025926
0.025990
0.026672
0.025536
0.026080
0.026074
0.026182
0.026301
0.026196
0.026237
0.026299
0.026451
0.026517
0.026338
0.026717
0.026496
0.026451
0.026475
0.026470
0.026563
0.026495
0.026705
0.026689
0.026570
0.026670
0.026629
0.026827
0.026492
0.026771
0.026748
0.026829
0.026979
0.026882
0.026918
0.026944
0.029182
0.026865
0.026982
0.026907
0.026958
0.026911
0.026830
0.026934
0.027004
0.027160
0.027079
0.028291
0.028459
0.027991
0.027931
0.027751
0.028162
0.027691
0.027740
0.027640
0.027515
0.027696
0.027876
0.027821
0.027832
0.027840
0.027826
0.027873
0.027978
0.027980
0.028028
0.027938
0.027980
0.028019
0.028033
0.028027
0.028006
0.027881
0.028031
0.027997
0.028056
0.028079
0.028120
0.031027
0.027446
0.028153
0.027973
0.028223
0.028122
0.028216
0.028160
0.028135
0.028264
0.028052
0.028603
0.028967
0.029772
0.034354
0.031864
0.028572
0.028693
0.028750
0.028724
0.028766
0.028879
0.028906
0.028926
0.028866
0.029029
0.029102
0.028992
0.028923
0.029142
0.028985
0.029015
0.029032
0.029045
0.029207
0.029116
0.029024
0.029189
0.029250
0.029397
0.031771
0.030743
0.028987
0.029096
0.029076
0.029219
0.029299
0.029018
0.029224
0.032139
0.029358
0.029408
0.029297
0.029468
0.029408
0.029523
0.029565
0.029501
0.029560
0.031121
0.029500
0.029567
0.029664
0.029608
0.032466
0.029614
0.029793
0.029820
0.029990
0.030065
0.029985
0.030114
0.030156
0.030272
0.029268
0.029831
0.029863
0.029882
0.029952
0.029953
0.030027
0.029932
0.030472
0.030313
0.030329
0.030449
0.030497
0.031242
0.030495
0.030512
0.030559
0.030279
0.030515
0.030540
0.030514
0.030644
0.030630
0.030692
0.030570
0.032841
0.030805
0.030861
0.041663
0.034469
0.034711
0.032552
0.030672
0.030730
0.030754
0.030870
0.031466
0.031378
0.031677
0.031647
0.035888
0.033137
0.034955
0.039912
0.037207
0.036997
0.034182
0.035474
0.030561
0.031510
0.031569
0.032348
0.031933
0.031539
0.032160
0.032255
0.031791
0.032061
0.032169
0.034739
0.032211
0.032064
0.033015
0.031642
0.032164
0.032299
0.032733
0.032639
0.032669
0.032528
0.032355
0.032597
0.032781
0.032745
0.032370
0.033029
0.033061
0.032828
0.033013
0.034629
0.031985
0.032381
0.032558
0.032517
0.032522
0.032582
0.032049
0.032278
0.032445
0.032439
0.036907
0.032485
0.032578
0.032471
0.032382
0.032573
0.032356
0.032387
0.032430
0.032726
0.032513
0.032433
0.032599
0.032648
0.032776
0.032642
0.032851
0.032756
0.032786
0.033868
0.033119
0.033104
0.033157
0.033148
0.033143
0.033304
0.033126
0.033258
0.033319
0.033373
0.033375
0.033283
0.033226
0.033485
0.033496
0.033314
0.033475
0.056827
0.035783
0.033649
0.037108
0.032460
0.033440
0.033582
0.033422
0.033477
0.033569
0.033513
0.034039
0.033843
0.034079
0.034211
0.034178
0.034078
0.033340
0.033749
0.033982
0.033934
0.033848
0.033921
0.033863
0.034066
0.033955
0.033774
0.034002
0.034090
0.033984
0.034302
0.034434
0.034340
0.034616
0.034710
0.038709
0.034470
0.034591
0.034409
0.034480
0.034560
0.034592
0.039171
0.034681
0.034517
0.034717
0.034744
0.034597
0.034707
0.034688
0.034858
0.034892
0.035006
0.034906
0.034906
0.035102
0.039796
0.034660
0.045078
0.043692
0.033790
0.037817
0.041765
0.035388
0.035351
0.035298
0.035478
0.035414
0.035418
0.034746
0.035544
0.035396
0.037131
0.034714
0.035367
0.034811
0.035486
0.035571
0.035349
0.035414
0.035345
0.034779
0.035419
0.035536
0.035347
0.035559
0.035683
0.035835
0.035692
0.035819
0.036018
0.035885
0.035993
0.035764
0.035895
0.036044
0.036040
0.036296
0.036270
0.043337
0.042942
0.036194
0.040688
0.036934
0.036340
0.036238
0.036192
0.036188
0.041260
0.036478
0.035778
0.036547
0.036762
0.036716
0.036765
0.036687
0.036967
0.036841
0.036779
0.036818
0.036824
0.036765
0.041625
0.036723
0.036806
0.037056
0.036835
0.036952
0.036913
0.036680
0.036911
0.037338
0.036925
0.037029
0.036956
0.037239
0.037215
0.037422
0.037380
0.037291
0.037351
0.044875
0.036829
0.037327
0.037415
0.048362
0.047398
0.055937
0.126012
0.047546
0.037166
0.037670
0.037588
0.037681
0.037632
0.045481
0.036356
0.042208
0.042276
0.037768
0.040279
0.037957
0.037759
0.037460
0.037641
0.037560
0.037616
0.043026
0.038085
0.037740
0.037769
0.037840
0.037957
0.038017
0.038046
0.038042
0.038200
0.038172
0.038285
0.038295
0.038105
0.038211
0.037989
0.038206
0.038274
0.038236
0.038109
0.038292
0.037598
0.039472
0.038632
0.041224
0.039425
0.038563
0.038644
0.038776
0.038704
0.038704
0.038881
0.039196
0.037978
0.038548
0.038702
0.038786
0.044176
0.039123
0.038953
0.039138
0.039034
0.039056
0.039200
0.039107
0.039066
0.039246
0.039170
0.039437
0.038823
0.039996
0.039215
0.039243
0.039150
0.039393
0.039251
0.039378
0.040388
0.039562
0.039766
0.039571
0.039778
0.039956
0.039829
0.039659
0.039880
0.039803
0.040091
0.040287
0.039506
0.039918
0.039657
0.039781
0.039983
0.040114
0.039845
0.040032
0.040086
0.040030
0.039936
0.090445
0.046402
0.041181
0.040070
0.040459
0.039701
0.040122
0.040176
0.125434
0.041219
0.039810
0.040316
0.040217
0.040444
0.040605
0.040674
0.099023
0.045655
0.040760
0.040608
0.040621
0.040593
0.040699
0.040810
0.040542
0.040604
0.040758
0.040730
0.040539
0.040701
0.040950
0.040931
0.040943
0.041041
0.039975
0.041132
0.041069
0.041128
0.042148
0.041414
0.041283
0.041575
0.041409
0.041591
0.041745
0.042381
0.041665
0.041705
0.041784
0.041773
0.042312
0.041603
0.041679
0.041921
0.041825
0.042006
0.042761
0.041011
0.041570
0.041607
0.041559
0.041610
0.041641
0.046456
0.049255
0.054827
0.046719
0.049620
0.049834
0.042032
0.042037
0.041967
0.041968
0.044601
0.042432
0.042349
0.042107
0.049861
0.048720
0.042139
0.041753
0.042664
0.046176
0.042177
0.042185
0.042175
0.048892
0.042277
0.048249
0.042175
0.042339
0.042343
0.042588
0.042092
0.042962
0.043158
0.043281
0.042926
0.042617
0.042376
0.042626
0.042616
0.042731
0.043338
0.044584
0.050272
0.045759
0.047964
0.046440
0.051471
0.043358
0.054391
0.043133
0.042926
0.042894
0.042693
0.042981
0.043126
0.042898
0.043038
0.043125
0.043201
0.043057
0.043459
0.043154
0.047444
0.049613
0.042868
0.042618
0.044721
0.043683
0.043713
0.044590
0.043792
0.044135
0.043855
0.043745
0.044077
0.043108
0.043696
0.043735
0.043980
0.043803
0.046088
0.044092
0.044267
0.044303
0.044223
0.044390
0.044186
0.043873
0.043796
0.044221
0.044083
0.044277
0.044019
0.044210
0.043430
0.044445
0.044315
0.044480
0.044866
0.045081
0.044433
0.044667
0.045276
0.045212
0.047533
0.044797
0.044626
0.044713
0.064536
0.044989
0.044858
0.045060
0.045072
0.046156
0.045876
0.044880
0.050353
0.045835
0.045170
0.044542
0.045227
0.045508
0.045333
0.045510
0.044809
0.045251
0.045346
0.045698
0.048762
0.045490
0.045502
0.045762
0.045822
0.052271
0.044479
0.045242
0.045318
0.045170
0.045465
0.045514
0.045192
0.046235
0.045719
0.045628
0.045744
0.051551
0.045873
0.045763
0.045543
0.045754
0.046023
0.045577
0.045839
0.046096
0.046930
0.045949
0.046657
0.046808
0.046332
0.046408
0.046432
0.046341
0.046575
0.046739
0.046779
0.046858
0.046504
0.046730
0.046819
0.046899
0.046963
0.046464
0.046738
0.046979
0.046823
0.046966
0.046740
0.046163
0.046356
0.046363
0.046662
0.046360
0.067090
0.054799
0.049715
0.047923
0.045977
0.047110
0.047616
0.047299
0.047465
0.047032
0.047104
0.047226
0.050477
0.046707
0.047083
0.046847
0.046965
0.047387
0.047256
0.047126
0.047452
0.047181
0.046807
0.047839
0.047644
0.047536
0.047575
0.047776
0.048103
0.047662
0.047977
0.047904
0.053178
0.055696
0.052962
0.055597
0.054477
0.047842
0.047853
0.047616
0.047881
0.059147
0.048432
0.052670
0.047990
0.047305
0.048588
0.048132
0.047868
0.048015
0.048165
0.047946
0.048325
0.048235
0.048254
0.048360
0.048282
0.048309
0.048402
0.048234
0.048474
0.048217
0.048749
0.048232
0.048014
0.049824
0.048892
0.048752
0.048792
0.048597
0.048921
0.047809
0.048714
0.048919
0.048910
0.048897
0.053691
0.049409
0.049147
0.049347
0.049187
0.048847
0.048898
0.049171
0.049096
0.049131
0.049180
0.049158
0.048957
0.049199
0.049231
0.049756
0.049182
0.049213
0.049042
0.049165
0.058531
0.050287
0.049748
0.063410
0.048423
0.060261
0.052194
0.049370
0.049606
0.050137
0.049591
0.050172
0.049692
0.049707
0.049558
0.049696
0.049491
0.049688
0.049714
0.049317
0.050253
0.049659
0.050007
0.050296
0.050031
0.050012
0.050159
0.049736
0.050548
0.049932
0.050396
0.050215
0.050432
0.050248
0.050338
0.050516
0.050423
0.050599
0.050416
0.050365
0.063357
0.051412
0.050511
0.056882
0.050656
0.050769
0.050398
0.050346
0.050538
0.050568
0.050562
0.050793
0.052173
0.051162
0.050806
0.051136
0.051331
0.050903
0.050922
0.050754
0.051338
0.051863
0.051614
0.051341
0.051574
0.051621
0.051505
0.051703
0.051759
0.052043
0.051576
0.051207
0.054545
0.051523
0.051455
0.051432
0.051451
0.051726
0.051629
0.050592
0.051481
0.051410
0.051442
0.051606
0.051711
0.051824
0.051993
0.051831
0.051724
0.051115
0.052248
0.052448
0.050624
0.052273
0.051792
0.052054
0.052076
0.052334
0.058745
0.051089
0.051904
0.052320
0.052162
0.052380
0.052189
0.052557
0.052518
0.052848
0.052408
0.051416
0.052325
0.052385
0.051869
0.053165
0.053248
0.053380
0.053518
0.052560
0.052686
0.059496
0.052730
0.052661
0.052837
0.052683
0.054820
0.053954
0.053530
0.053292
0.053857
0.053474
0.053559
0.053657
0.053668
0.072596
0.081259
0.068601
0.063306
0.065703
0.053432
0.053688
0.053438
0.052436
0.053573
0.053662
0.057094
0.084354
0.052806
0.056335
0.052282
0.053490
0.054085
0.053438
0.054088
0.054336
0.053934
0.054290
0.054041
0.054182
0.054081
0.058168
0.055733
0.054000
0.053771
0.053849
0.053779
0.053871
0.054024
0.053063
0.054516
0.054268
0.054379
0.054458
0.055168
0.054469
0.055063
0.054472
0.054733
0.053833
0.054474
0.053910
0.054294
0.054466
0.054277
0.054684
0.054366
0.054738
0.054596
0.056001
0.054902
0.055211
0.055002
0.055224
0.055243
0.054122
0.055276
0.054421
0.055174
0.055191
0.055760
0.055383
0.073910
0.065003
0.063116
0.070906
0.056025
0.055293
0.055491
0.059371
0.054269
0.071164
0.055853
0.057301
0.055098
0.054323
0.056100
0.055968
0.055352
0.066299
0.055854
0.055585
0.055151
0.054610
0.054571
0.055692
0.055679
0.055734
0.055729
0.056457
0.056531
0.056297
0.056549
0.056490
0.056388
0.056271
0.056358
0.055530
0.056370
0.056596
0.055698
0.056072
0.056221
0.056280
0.055987
0.056228
0.057447
0.056130
0.056047
0.055930
0.056402
0.056274
0.056240
0.056174
0.056256
0.056163
0.056167
0.056331
0.056149
0.056372
0.056428
0.055536
0.056110
0.056870
0.056195
0.056394
0.056310
0.056749
0.056392
0.056726
0.056260
0.058071
0.057331
0.062683
0.057092
0.055254
0.057013
0.066896
0.057323
0.057177
0.057732
0.057149
0.056953
0.057039
0.058452
0.057214
0.057515
0.057486
0.058104
0.057300
0.061149
0.057648
0.058100
0.057509
0.057626
0.057599
0.058669
0.057913
0.057913
0.058382
0.058759
0.057699
0.057119
0.057324
0.057805
0.057761
0.061202
0.057814
0.058022
0.057760
0.057834
0.057611
0.057864
0.058104
0.058046
0.057875
0.057863
0.062272
0.078056
0.070122
0.058586
0.058685
0.058673
0.060376
0.059071
0.058715
0.065574
0.070877
0.058539
0.058041
0.058413
0.058568
0.084888
0.058619
0.058233
0.058479
0.059322
0.058845
0.058970
0.058648
0.059047
0.058855
0.058739
0.065919
0.059352
0.059780
0.059474
0.059095
0.058839
0.059304
0.058811
0.063220
0.059601
0.060181
0.059773
0.060075
0.059939
0.059726
0.059674
0.059698
0.059936
0.059850
0.059506
0.060762
0.060533
0.060209
0.060080
0.075728
0.083496
0.061258
0.060016
0.060927
0.059449
0.059431
0.069779
0.060236
0.068398
0.061291
0.060237
0.059831
0.060324
0.059957
0.060194
0.060590
0.059898
0.060290
0.060375
0.059858
0.060110
0.060045
0.060203
0.060598
0.060122
0.068910
0.060443
0.060483
0.060784
0.060976
0.059771
0.060756
0.060769
0.059865
0.060624
0.060548
0.060897
0.060767
0.060207
0.060676
0.060602
0.060348
0.060787
0.060630
0.061077
0.061719
0.060753
0.061211
0.061004
0.060841
0.061617
0.060947
0.061211
0.065385
0.062117
0.061482
0.061649
0.060951
0.061149
0.061145
0.061644
0.061033
0.061813
0.060813
0.061051
0.061460
0.061924
0.061426
0.061410
0.061664
0.062051
0.060870
0.061987
0.061697
0.062235
0.062323
0.062657
0.063306
0.064509
0.062381
0.074784
0.065323
0.064214
0.071888
0.061240
0.071274
0.069694
0.061883
0.062305
0.061741
0.062554
0.061620
0.062308
0.062556
0.061494
0.062781
0.063779
0.062366
0.062067
0.062156
0.145327
0.134129
0.061562
0.090782
0.076531
0.095610
0.095959
0.093934
0.070757
0.079358
0.062880
0.063097
0.068702
0.063818
0.063244
0.063261
0.077296
0.062586
0.062113
0.063487
0.064044
0.063505
0.063928
0.089666
0.064372
0.063186
0.071323
0.063939
0.063508
0.063370
0.079492
0.072307
0.064023
0.062404
0.063277
0.063709
0.063880
0.063704
0.070696
0.063723
0.063423
0.063376
0.064904
0.064128
0.063300
0.063676
0.064111
0.063787
0.064002
0.064852
0.064245
0.064534
0.065960
0.065092
0.064719
0.064598
0.065182
0.091851
0.080146
0.083017
0.063906
0.064581
0.064089
0.064932
0.063814
0.073457
0.074446
0.065595
0.065317
0.065133
0.065698
0.065036
0.065386
0.064960
0.065397
0.063811
0.064604
0.064569
0.065357
0.074546
0.065108
0.064657
0.065155
0.065401
0.065513
0.064846
0.065595
0.065158
0.068824
0.065610
0.065407
0.065885
0.067365
0.065605
0.066148
0.066534
0.065702
0.065918
0.066361
0.066725
0.067546
0.066023
0.066666
0.065872
0.064761
0.065995
0.065279
0.065321
0.065595
0.065769
0.074767
0.065882
0.065887
0.066008
0.065796
0.065959
0.066485
0.067005
0.067394
0.070050
0.066718
0.067734
0.066199
0.083200
0.066475
0.067489
0.066458
0.067005
0.065163
0.066479
0.066613
0.066360
0.068667
0.067928
0.067110
0.073848
0.067094
0.067016
0.065858
0.068892
0.067837
0.067824
0.067014
0.067561
0.066934
0.067260
0.068107
0.066753
0.071527
0.080644
0.067313
0.067007
0.066774
0.067606
0.066616
0.066223
0.066987
0.086985
0.090492
0.080268
0.068424
0.068334
0.067442
0.067387
0.069714
0.071928
0.081100
0.067488
0.066835
0.068342
0.067671
0.067094
0.067769
0.067651
0.067702
0.067335
0.066988
0.067084
0.067819
0.067832
0.067719
0.067653
0.069972
0.068064
0.067598
0.067735
0.067705
0.068195
0.068572
0.068380
0.067543
0.068056
0.069519
0.068507
0.068895
0.069566
0.068223
0.068609
0.069053
0.069065
0.068971
0.068856
0.069116
0.068891
0.068708
0.068452
0.068851
0.068914
0.069191
0.069911
0.069034
0.067961
0.068740
0.068655
0.068658
0.068753
0.068975
0.075096
0.070243
0.069242
0.069444
0.069643
0.069280
0.069978
0.069923
0.069540
0.069724
0.068832
0.069503
0.069981
0.070288
0.069792
0.069730
0.068984
0.069467
0.070155
0.069683
0.071198
0.069336
0.070459
0.069185
0.068905
0.069690
0.070572
0.071454
0.070226
0.069639
0.069611
0.070241
0.069657
0.070458
0.069918
0.070099
0.090299
0.079652
0.070674
0.070377
0.070839
0.070079
0.071473
0.070746
0.070735
0.070745
0.070314
0.073008
0.070606
0.070307
0.072890
0.069484
0.069942
0.070594
0.071725
0.070826
0.070640
0.071000
0.071623
0.071943
0.080815
0.071220
0.070912
0.075270
0.089180
0.095216
0.090822
0.091141
0.087517
0.072629
0.106802
0.089755
0.073663
0.070811
0.078402
0.070545
0.071985
0.071359
0.095241
0.072437
0.069865
0.071879
0.072500
0.072758
0.071119
0.072256
0.071624
0.072463
0.071153
0.081376
0.080589
0.097548
0.085334
0.071868
0.073509
0.076155
0.072456
0.071068
0.081541
0.072243
0.072263
0.073094
0.073714
0.072899
0.081275
0.106402
0.072376
0.071414
0.071699
0.072887
0.072088
0.072650
0.072464
0.072947
0.072021
0.072953
0.073422
0.073078
0.074821
0.072544
0.073282
0.079492
0.072370
0.073229
0.110781
0.087873
0.077702
0.072118
0.072442
0.077147
0.073121
0.073565
0.073042
0.073502
0.073728
0.073933
0.073873
0.073004
0.073299
0.079149
0.077264
0.078193
0.075455
0.075449
0.076871
0.076058
0.073453
0.073603
0.072818
0.072981
0.073359
0.082519
0.074749
0.098858
0.100464
0.085353
0.074448
0.074895
0.075188
0.076248
0.089045
0.081106
0.088580
0.077268
0.074007
0.073804
0.074938
0.074938
0.074606
0.074550
0.074370
0.073469
0.074131
0.073815
0.073471
0.073689
0.074509
0.073518
0.074652
0.097481
0.074373
0.074429
0.073993
0.074868
0.075069
0.081503
0.084166
0.085284
0.105701
0.075240
0.075081
0.074231
0.076130
0.083664
0.085202
0.075791
0.074321
0.075252
0.075230
0.074746
0.074587
0.074850
0.074651
0.075423
0.074445
0.079592
0.075850
0.074822
0.088757
0.082243
0.075270
0.076660
0.074595
0.075978
0.075743
0.075117
0.077713
0.086786
0.089791
0.075738
0.079345
0.075895
0.076661
0.077043
0.080782
0.076227
0.077036
0.089096
0.075149
0.075662
0.074841
0.076090
0.075830
0.076651
0.077416
0.076431
0.076123
0.075270
0.075358
0.076600
0.075350
0.075859
0.076690
0.076750
0.077528
0.076874
0.077156
0.077574
0.076920
0.075666
0.076533
0.078904
0.077491
0.076881
0.105088
0.077510
0.081424
0.076375
0.099160
0.111893
0.086100
0.075109
0.076296
0.076491
0.096882
0.083199
0.078661
0.076414
0.075382
0.076919
0.089638
0.078905
0.077156
0.077458
0.077714
0.077984
0.078452
0.114936
0.096515
0.103672
0.085547
0.077164
0.083993
0.089913
0.077562
0.077790
0.078627
0.077560
0.085832
0.079234
0.078385
0.078427
0.081121
0.081111
0.099051
0.079610
0.079155
0.078703
0.079427
0.079671
0.078047
0.080885
0.078911
0.079016
0.079476
0.078408
0.079042
0.077970
0.078205
0.078702
0.079355
0.078381
0.078340
0.078450
0.079113
0.078762
0.077887
0.077557
0.078358
0.078256
0.078507
0.078937
0.080535
0.078993
0.079432
0.078721
0.077880
0.078798
0.077951
0.078937
0.077907
0.078845
0.079336
0.079380
0.080107
0.079475
0.079494
0.078499
0.079267
0.079923
0.078962
0.079749
0.079669
0.079038
0.080435
0.080912
0.079498
0.081864
0.080508
0.079521
0.080590
0.080606
0.080255
0.082071
0.080024
0.084086
0.081620
0.082362
0.079999
0.081774
0.080518
0.080105
0.081693
0.080802
0.080328
0.080007
0.079120
0.080344
0.082488
0.095101
0.080671
0.080653
0.079864
0.079750
0.081758
0.080650
0.097600
0.082142
0.081499
0.081912
0.081438
0.080751
0.083772
0.082103
0.081921
0.081604
0.082034
0.081533
0.081269
0.081590
0.081748
0.080816
0.081310
0.084274
0.081424
0.080029
0.080536
0.081004
0.082299
0.079566
0.080791
0.080918
0.081647
0.086537
0.082747
0.086152
0.082997
0.096434
0.125652
0.101616
0.087977
0.081464
0.081211
0.082309
0.109349
0.082415
0.081531
0.084836
0.081190
0.081434
0.082288
0.081787
0.082632
0.082672
0.083052
0.083428
0.083680
0.082695
0.083226
0.083080
0.081949
0.081590
0.084535
0.082557
0.082991
0.082456
0.092484
0.080816
0.085885
0.082229
0.091169
0.084686
0.083417
0.087340
0.082105
0.082127
0.082911
0.099480
0.088774
0.116841
0.082740
0.084633
0.082973
0.082463
0.091981
0.082275
0.082310
0.084758
0.083071
0.084420
0.082677
0.083483
0.083571
0.084963
0.088995
0.082828
0.085189
0.083090
0.083517
0.084607
0.083382
0.086029
0.083945
0.083549
0.083410
0.084645
0.083412
0.083401
0.083549
0.083108
0.083770
0.083278
0.084579
0.086479
0.084729
0.084832
0.083840
0.084126
0.084432
0.085420
0.085096
0.085059
0.086378
0.084951
0.083525
0.083762
0.084934
0.083590
0.085192
0.084114
0.099228
0.086923
0.083986
0.084494
0.086394
0.085477
0.085848
0.084633
0.084867
0.088368
0.084847
0.085457
0.086985
0.084471
0.084621
0.087071
0.085214
0.085059
0.084336
0.084939
0.084285
0.084636
0.086604
0.096866
0.239129
0.086879
0.085055
0.085649
0.101527
0.085517
0.086563
0.084504
0.094362
0.085877
0.085604
0.086244
0.086052
0.085143
0.085611
0.086384
0.085619
0.086799
0.085467
0.090580
0.086765
0.087509
0.085882
0.085375
0.087854
0.087205
0.087182
0.085755
0.086653
0.085742
0.086818
0.088960
0.086879
0.085428
0.086942
0.087908
0.087390
0.086900
0.086069
0.086378
0.084690
0.086881
0.099365
0.087083
0.087009
0.086644
0.086473
0.101876
0.087346
0.087064
0.088778
0.087152
0.086597
0.099394
0.090303
0.087917
0.095340
0.096596
0.088841
0.087083
0.087761
0.086969
0.088730
0.086942
0.088299
0.087783
0.097094
0.087446
0.087479
0.088685
0.088089
0.088027
0.087508
0.088569
0.088475
0.088945
0.087831
0.087468
0.089692
0.088473
0.088214
0.087403
0.103093
0.094031
0.091446
0.095315
0.090996
0.088921
0.087498
0.088722
0.088743
0.090441
0.089191
0.088603
0.089996
0.087875
0.087252
0.091970
0.088962
0.122756
0.120257
0.101221
0.089579
0.089676
0.091676
0.104236
0.101479
0.088294
0.088503
0.089279
0.088430
0.088945
0.091536
0.088668
0.088021
0.120265
0.173227
0.138085
0.104565
0.087771
0.089144
0.130990
0.094932
0.088882
0.089624
0.089660
0.093510
0.090401
0.090292
0.092109
0.091396
0.107532
0.090443
0.090654
0.090350
0.089919
0.090405
0.091191
0.089822
0.089752
0.090636
0.091684
0.091109
0.089852
0.089643
0.092337
0.091423
0.091165
0.092149
0.090701
0.099254
0.111873
0.090814
0.089930
0.091356
0.092504
0.089911
0.091402
0.093531
0.091005
0.090762
0.091638
0.091494
0.093340
0.091968
0.091161
0.092731
0.094318
0.092854
0.092060
0.091969
0.098569
0.091026
0.093511
0.092790
0.091715
0.090541
0.090590
0.090208
0.092554
0.094400
0.092588
0.093469
0.093862
0.107646
0.091194
0.091977
0.093206
0.091968
0.091979
0.091293
0.092720
0.091549
0.090820
0.092128
0.093591
0.092232
0.094702
0.093227
0.091406
0.092626
0.093886
0.092225
0.091970
0.092196
0.092967
0.093403
0.092294
0.094712
0.092545
0.092101
0.104174
0.091625
0.093169
0.092298
0.093275
0.093246
0.092506
0.096958
0.092410
0.094150
0.093609
0.093680
0.092615
0.093519
0.093626
0.093456
0.095067
0.094152
0.095472
0.095024
0.095985
0.093292
0.092932
0.096320
0.093309
0.092113
0.095068
0.093100
0.094144
0.093553
0.092531
0.094359
0.094437
0.095124
0.094860
0.093187
0.095566
0.093526
0.093039
0.096160
0.094285
0.093810
0.095611
0.097676
0.096031
0.094590
0.097092
0.092738
0.093565
0.097068
0.096377
0.111448
0.096265
0.094981
0.160229
0.110782
0.096676
0.093644
0.095916
0.101552
0.094565
0.096561
0.096058
0.095502
0.102283
0.093309
0.095374
0.096139
0.093649
0.154494
0.120052
0.095520
0.097215
0.096428
0.096198
0.111586
0.096081
0.095894
0.095876
0.094401
0.096067
0.098418
0.096167
0.096618
0.094898
0.095462
0.098242
0.095651
0.096041
0.096977
0.104513
0.096841
0.095519
0.096386
0.099808
0.097540
0.096061
0.095974
0.097499
0.096606
0.097240
0.095625
0.097940
0.098517
0.094686
0.109278
0.096475
0.096105
0.096499
0.096306
0.096347
0.096717
0.112817
0.119078
0.097806
0.096008
0.096784
0.095994
0.100877
0.097568
0.104279
0.094680
0.097949
0.098392
0.096453
0.097113
0.102261
0.095862
0.099663
0.098015
0.103250
0.097223
0.096571
0.099773
0.096729
0.097118
0.098478
0.096059
0.100266
0.098350
0.105044
0.096197
0.095914
0.099194
0.096638
0.097702
0.099091
0.098772
0.102274
0.098436
0.111700
0.096183
0.097907
0.098827
0.100245
0.099538
0.096337
0.098183
0.098833
0.099260
0.108437
0.123543
0.097544
0.098575
0.098283
0.100401
0.100011
0.099371
0.099469
0.097019
0.100635
0.098505
0.105275
0.100939
0.098216
0.099992
0.099907
0.099158
0.100722
0.099916
0.098301
0.099779
0.099168
0.099602
0.100908
0.101119
0.100672
0.111970
0.099596
0.101768
0.102073
0.098665
0.098693
0.100010
0.101555
0.100687
0.099980
0.099558
0.100902
0.099822
0.099249
0.106563
0.102439
0.101805
0.099905
0.099907
0.101705
0.098304
0.100735
0.100102
0.099508
0.100663
0.099171
0.099829
0.100775
0.101408
0.102139
0.100240
0.101326
0.099417
0.100517
0.101440
0.100320
0.102040
0.100959
0.101966
0.100990
0.100384
0.105105
0.101198
0.103254
0.099641
0.103372
0.101336
0.101621
0.104325
0.101936
0.103815
0.100348
0.103137
0.104244
0.101878
0.102365
0.100677
0.101215
0.101336
0.102009
0.103170
0.175442
0.105176
0.103905
0.102307
0.103681
0.101607
0.103318
0.101719
0.103266
0.106108
0.105339
0.104514
0.101437
0.105922
0.101375
0.102000
0.100936
0.102497
0.103054
0.101783
0.103928
0.103419
0.102655
0.105234
0.102631
0.102850
0.102094
0.102876
0.103128
0.104148
0.104559
0.104319
0.104794
0.102843
0.104135
0.104101
0.104668
0.104755
0.105622
0.104106
0.103551
0.104038
0.104085
0.104029
0.104212
0.103865
0.104511
0.105614
0.104403
0.105990
0.104303
0.106015
0.102899
0.107643
0.113256
0.102890
0.102889
0.103123
0.107001
0.103435
0.103445
0.103146
0.103458
0.103212
0.104694
0.110266
0.104070
0.103829
0.105200
0.104313
0.114095
0.106603
0.106560
0.104810
0.106982
0.104300
0.106019
0.105114
0.105180
0.112487
0.104700
0.105526
0.103606
0.104828
0.105338
0.105693
0.106605
0.105134
0.102982
0.104184
0.104769
0.108079
0.105659
0.107418
0.105491
0.105673
0.107275
0.103935
0.103818
0.115798
0.107845
0.104025
0.107014
0.105022
0.104631
0.105338
0.105644
0.107148
0.105325
0.104786
0.105585
0.106395
0.109798
0.106346
0.106612
0.106577
0.106637
0.105569
0.107163
0.106362
0.105977
0.107055
0.105016
0.107056
0.105616
0.106361
0.106143
0.106266
0.107367
0.105105
0.114233
0.106745
0.170931
0.109080
0.124642
0.107951
0.107287
0.105997
0.111118
0.116440
0.106540
0.107657
0.108426
0.110767
0.110158
0.108997
0.104936
0.107214
0.107469
0.107619
0.108129
0.107514
0.109512
0.117871
0.157376
0.125969
0.118743
0.107726
0.133282
0.109009
0.111416
0.109481
0.108254
0.107485
0.109689
0.107083
0.106708
0.270689
0.120613
0.106674
0.110615
0.109722
0.109971
0.108403
0.108573
0.108629
0.107045
0.107487
0.108069
0.108983
0.110718
0.110595
0.109239
0.112228
0.109373
0.113454
0.108527
0.108456
0.109331
0.108329
0.111076
0.111334
0.108612
0.109224
0.117949
0.107772
0.114675
0.107650
0.108267
0.122280
0.110644
0.112170
0.109875
0.108599
0.173121
0.109742
0.110035
0.138461
0.111131
0.211278
0.124254
0.108826
0.110003
0.108980
0.113009
0.112332
0.112112
0.110513
0.111764
0.109742
0.107361
0.109458
0.113271
0.111734
0.110818
0.112125
0.109451
0.125103
0.110794
0.111771
0.112229
0.108903
0.110651
0.107806
0.110204
0.110663
0.112616
0.109762
0.110000
0.109707
0.173476
0.157792
0.112320
0.111129
0.118060
0.123678
0.110299
0.113244
0.110360
0.110892
0.110510
0.111274
0.110989
0.112013
0.111397
0.111663
0.112324
0.115520
0.112257
0.111226
0.112481
0.113384
0.133760
0.112527
0.114916
0.111717
0.111894
0.111835
0.113654
0.111978
0.213004
0.129438
0.114139
0.112485
0.112399
0.116710
0.114849
0.115188
0.114041
0.112437
0.112395
0.111186
0.109761
0.111577
0.111735
0.115158
0.113412
0.112699
0.112291
0.128494
0.113883
0.113176
0.114443
0.112117
0.111599
0.115289
0.115417
0.114398
0.113754
0.115536
0.115609
0.114937
0.204187
0.152519
0.114019
0.115535
0.113046
0.125408
0.115109
0.114598
0.116066
0.115985
0.116543
0.113761
0.117661
0.116038
0.114101
0.113712
0.115543
0.113795
0.117296
0.112369
0.115929
0.114331
0.113187
0.117027
0.116250
0.114734
0.114970
0.113024
0.115318
0.113990
0.127456
0.164388
0.117612
0.116128
0.114355
0.137757
0.117107
0.112962
0.115792
0.114381
0.116018
0.122009
0.117261
0.115543
0.119263
0.125637
0.117318
0.114303
0.116265
0.115579
0.117303
0.114736
0.115537
0.131975
0.119443
0.113434
0.114715
0.113674
0.117229
0.116157
0.117761
0.115525
0.117970
0.119550
0.116069
0.119097
0.116362
0.119608
0.116305
0.115936
0.114545
0.116994
0.116439
0.115890
0.117254
0.115165
0.116242
0.114853
0.115799
0.117085
0.143808
0.157839
0.133296
0.139639
0.128471
0.128801
0.202792
0.276961
0.188934
0.125448
0.117690
0.137607
0.149035
0.192916
0.189969
0.204971
0.168395
0.176986
0.219113
0.186874
0.134242
0.139479
0.169125
0.139483
0.136911
0.174811
0.166682
0.137723
0.172164
0.138511
0.159764
0.145787
0.121954
0.162103
0.128555
0.143691
0.160258
0.206050
0.181520
0.121664
0.131956
0.171775
0.254844
0.142241
0.132819
0.182510
0.201557
0.192719
0.168830
0.130411
0.128577
0.155492
0.144041
0.166004
0.160393
0.188509
0.180209
0.199167
0.133540
0.117923
0.126667
0.119476
0.118254
0.119226
0.118453
0.145135
0.122771
0.119183
0.124547
0.120702
0.124773
0.120372
0.119350
0.120236
0.165563
0.119274
0.118150
0.122978
0.126568
0.182886
0.152129
0.119988
0.131166
0.119751
0.125728
0.122038
0.122823
0.121075
0.121935
0.121271
0.119154
0.121924
0.122342
0.120973
0.121878
0.121460
0.118792
0.120930
0.123864
0.121699
0.120728
0.120837
0.146365
0.162693
0.154144
0.121131
0.120800
0.122200
0.143787
0.120855
0.121105
0.121951
0.122446
0.120344
0.121858
0.122369
0.123048
0.121210
0.122274
0.122550
0.122623
0.160176
0.203483
0.178140
0.163425
0.156022
0.124564
0.121598
0.123324
0.122720
0.123101
0.126709
0.165534
0.148393
0.174633
0.145272
0.121598
0.172359
0.175365
0.149275
0.165429
0.122915
0.145351
0.237918
0.188583
0.253071
0.166392
0.169594
0.158388
0.151779
0.151577
0.137743
0.214006
0.201382
0.181510
0.177006
0.134608
0.191863
0.163057
0.154344
0.174368
0.153731
0.135529
0.141527
0.136895
0.125436
0.125370
0.128343
0.160149
0.166871
0.128106
0.127724
0.138573
0.165230
0.188219
0.149375
0.128788
0.136425
0.172103
0.224665
0.213236
0.158546
0.176789
0.139071
0.147474
0.128004
0.129480
0.191543
0.127165
0.159583
0.151964
0.127762
0.126788
0.123953
0.126103
0.124133
0.128490
0.126779
0.125799
0.138573
0.123605
0.125796
0.167223
0.148373
0.148479
0.142225
0.210255
0.125584
0.122481
0.137003
0.162205
0.149267
0.158725
0.171048
0.126478
0.128840
0.128544
0.140469
0.161243
0.160925
0.162946
0.160753
0.173700
0.134428
0.131309
0.126655
0.123948
0.127693
0.127002
0.132805
0.132532
0.179537
0.136051
0.126713
0.125371
0.128284
0.125433
0.137316
0.157722
0.146219
0.125003
0.127287
0.148205
0.127027
0.127884
0.127538
0.126427
0.126561
0.127671
0.126644
0.133811
0.126429
0.127988
0.126336
0.127051
0.126719
0.126243
0.126854
0.126009
0.127102
0.126711
0.127482
0.140879
0.127210
0.123612
0.126344
0.128022
0.140277
0.127973
0.126741
0.128389
0.127493
0.128405
0.127093
0.129319
0.129131
0.127535
0.128635
0.130766
0.132144
0.129588
0.129903
0.129278
0.131243
0.148970
0.186820
0.161968
0.136701
0.153309
0.127650
0.131308
0.127512
0.129295
0.127431
0.130355
0.131128
0.129671
0.140103
0.129800
0.128256
0.128731
0.130430
0.196335
0.127853
0.145359
0.184889
0.127902
0.130995
0.128190
0.131022
0.129237
0.129243
0.129411
0.129802
0.129332
0.132145
0.233167
0.161183
0.133705
0.210814
0.177371
0.136709
0.131313
0.152179
0.160396
0.144801
0.130903
0.130806
0.131858
0.132088
0.154192
0.141694
0.159578
0.135939
0.140277
0.131511
0.131726
0.132025
0.130923
0.130147
0.131999
0.129188
0.142441
0.133671
0.131283
0.132610
0.132666
0.130744
0.133697
0.132655
0.135461
0.146149
0.152579
0.209556
0.211191
0.191339
0.213538
0.137994
0.133003
0.136284
0.131493
0.133791
0.139568
0.176169
0.177274
0.180183
0.134472
0.182627
0.131172
0.177901
0.162173
0.136794
0.207222
0.186698
0.147238
0.198886
0.179607
0.178776
0.144187
0.138235
0.137056
0.164597
0.194444
0.134395
0.141771
0.150042
0.139361
0.132570
0.175704
0.223571
0.263001
0.144193
0.158054
0.142227
0.151680
0.140089
0.157935
0.141772
0.167161
0.134371
0.135963
0.143453
0.150000
0.134502
0.137843
0.134733
0.136758
0.136774
0.135078
0.134925
0.134752
0.137075
0.133890
0.138151
0.134124
0.137411
0.133581
0.136509
0.133788
0.134684
0.135580
0.134408
0.136005
0.133971
0.139843
0.134169
0.137288
0.135144
0.138344
0.135089
0.138647
0.132527
0.135219
0.136108
0.139784
0.139114
0.137806
0.138186
0.137136
0.139187
0.135976
0.135387
0.134246
0.133786
0.138327
0.135997
0.140399
0.136766
0.143067
0.136018
0.133757
0.133660
0.135392
0.134338
0.138028
0.139747
0.136432
0.139340
0.163276
0.139039
0.137395
0.135829
0.135851
0.136905
0.144300
0.137434
0.157228
0.136605
0.139053
0.137640
0.138376
0.138360
0.138707
0.154605
0.137677
0.164650
0.138535
0.137892
0.135587
0.137159
0.145728
0.160134
0.142060
0.175021
0.160647
0.145115
0.139090
0.143780
0.139152
0.141738
0.139799
0.138905
0.139633
0.137543
0.141718
0.139102
0.143657
0.140832
0.193976
0.141721
0.138342
0.143158
0.139057
0.144452
0.142020
0.141199
0.256408
0.173512
0.141749
0.138569
0.153070
0.146311
0.139361
0.142681
0.139576
0.138924
0.141196
0.141898
0.142860
0.139573
0.143577
0.145433
0.138480
0.139550
0.142237
0.140125
0.151558
0.141884
0.137235
0.144407
0.139583
0.140139
0.137780
0.139243
0.143850
0.138701
0.143866
0.141001
0.143035
0.140613
0.139440
0.144854
0.140207
0.146968
0.138771
0.145944
0.139192
0.140444
0.148651
0.138245
0.146930
0.142091
0.147632
0.141708
0.143283
0.141382
0.142338
0.146168
0.149393
0.148555
0.144733
0.140978
0.141587
0.142015
0.143851
0.139342
0.149385
0.143964
0.142349
0.143783
0.142563
0.145792
0.147073
0.146093
0.140757
0.141680
0.142519
0.141657
0.147376
0.141256
0.145889
0.143470
0.143043
0.141883
0.141967
0.145596
0.141309
0.147959
0.141757
0.143716
0.143411
0.141826
0.143982
0.142567
0.166590
0.141462
0.144958
0.143107
0.142228
0.145809
0.142355
0.150912
0.146930
0.147095
0.144105
0.187958
0.150351
0.148624
0.142128
0.143865
0.143207
0.146770
0.169960
0.143388
0.141942
0.142442
0.146987
0.143942
0.205938
0.147998
0.144310
0.150543
0.170626
0.144943
0.144632
0.146481
0.152021
0.143027
0.145682
0.142324
0.143726
0.149646
0.157539
0.146463
0.145621
0.143786
0.145058
0.144987
0.149255
0.150789
0.143818
0.145544
0.143227
0.159103
0.147533
0.146359
0.155893
0.143018
0.152314
0.147267
0.153409
0.145145
0.144587
0.144860
0.145510
0.148445
0.143870
0.146198
0.142881
0.146763
0.148607
0.143912
0.148600
0.168658
0.144217
0.150066
0.222536
0.148571
0.144922
0.145364
0.152071
0.148968
0.148964
0.146268
0.145344
0.153107
0.144322
0.153923
0.148494
0.146228
0.152956
0.147373
0.150082
0.147334
0.147905
0.148201
0.164186
0.220778
0.166420
0.214104
0.164258
0.169240
0.152528
0.156923
0.153572
0.152728
0.155027
0.148133
0.159228
0.152852
0.148142
0.147328
0.152287
0.148579
0.151717
0.157244
0.145347
0.148709
0.147862
0.151347
0.160336
0.147428
0.147678
0.155505
0.151759
0.146690
0.151170
0.150724
0.148325
0.155347
0.149080
0.151119
0.153154
0.147579
0.152690
0.160658
0.149957
0.149918
0.148294
0.152779
0.149503
0.159543
0.147562
0.148154
0.155286
0.148844
0.149853
0.200577
0.149297
0.151991
0.147754
0.147868
0.152056
0.149941
0.172274
0.149892
0.149555
0.152626
0.149239
0.153536
0.147972
0.149505
0.152447
0.149727
0.152347
0.149269
0.151898
0.411786
0.152730
0.156655
0.171010
0.152421
0.153830
0.149531
0.156501
0.151871
0.152500
0.171184
0.164250
0.172742
0.175980
0.164303
0.167110
0.159420
0.151545
0.178661
0.211072
0.227064
0.222634
0.244629
0.219499
0.162073
0.179179
0.160254
0.153812
0.155542
0.150426
0.152655
0.150587
0.152640
0.160736
0.158211
0.152772
0.149723
0.152315
0.158690
0.152152
0.152815
0.159047
0.157097
0.151897
0.153637
0.152375
0.153221
0.152005
0.155133
0.154153
0.154182
0.172199
0.152774
0.152295
0.153361
0.153368
0.154533
0.154029
0.165805
0.195500
0.152077
0.153184
0.184711
0.151868
0.152128
0.156723
0.155042
0.154531
0.153661
0.154078
0.152698
0.152817
0.153968
0.154215
0.154283
0.156119
0.154508
0.154034
0.154736
0.216884
0.206000
0.234789
0.235989
0.229770
0.165933
0.156402
0.278947
0.208117
0.181342
0.231932
0.167820
0.156512
0.162350
0.163654
0.169379
0.289459
0.249109
0.237653
0.244959
0.177966
0.165123
0.156531
0.155463
0.263677
0.186224
0.227315
0.162550
0.156236
0.157103
0.156465
0.158781
0.155232
0.157231
0.157771
0.155616
0.156296
0.172643
0.257491
0.250147
0.174503
0.184963
0.190283
0.156146
0.157533
0.172390
0.155239
0.154652
0.196363
0.261371
0.191158
0.172487
0.161867
