0.000022
0.000037
0.000064
0.000076
0.000099
0.000117
0.000139
0.000161
0.000184
0.000205
0.000230
0.000250
0.000456
0.000491
0.000421
0.000451
0.000488
0.000519
0.000554
0.000579
0.000522
0.000537
0.000577
0.000598
0.000625
0.000565
0.000592
0.000626
0.000639
0.000665
0.000689
0.000654
0.000648
0.000669
0.000691
0.000712
0.000731
0.000678
0.000719
0.000714
0.000736
0.000768
0.000750
0.000717
0.000735
0.000748
0.000775
0.000793
0.000807
0.000757
0.000764
0.000786
0.000803
0.000814
0.000839
0.000842
0.000868
0.000892
0.000905
0.000918
0.000934
0.000967
0.000965
0.000979
0.001008
0.001033
0.001033
0.001053
0.001085
0.001088
0.001098
0.001129
0.001145
0.001163
0.001171
0.001192
0.001224
0.001228
0.001253
0.001275
0.001293
0.001321
0.001319
0.001340
0.001368
0.001385
0.001395
0.001408
0.001428
0.001445
0.001467
0.001488
0.001517
0.001529
0.001529
0.001569
0.001569
0.001605
0.001605
0.001628
0.001658
0.001653
0.001678
0.001704
0.001713
0.001718
0.001762
0.001780
0.001805
0.001811
0.001823
0.001862
0.001872
0.001860
0.001906
0.001924
0.002002
0.001975
0.001992
0.001973
0.002016
0.002079
0.002053
0.002076
0.002093
0.002082
0.002122
0.002141
0.002163
0.002178
0.002199
0.002220
0.002241
0.002247
0.002273
0.002288
0.002317
0.002336
0.002351
0.002366
0.002391
0.002417
0.002430
0.002445
0.002479
0.002504
0.002509
0.002530
0.002512
0.002561
0.002560
0.002575
0.002636
0.002737
0.002694
0.002708
0.002724
0.002722
0.002752
0.002774
0.002877
0.002806
0.002834
0.002836
0.002830
0.002853
0.002856
0.002901
0.002909
0.002932
0.002976
0.002987
0.003026
0.003007
0.003043
0.003090
0.003205
0.003194
0.003144
0.003170
0.003226
0.003250
0.003196
0.003241
0.003238
0.003276
0.003327
0.003347
0.003335
0.003405
0.003364
0.003402
0.003453
0.003470
0.003501
0.003528
0.003472
0.003486
0.003521
0.003547
0.003571
0.003590
0.003665
0.003658
0.003730
0.003777
0.003724
0.003715
0.003786
0.003749
0.003784
0.003773
0.003777
0.003821
0.003840
0.003877
0.003908
0.003906
0.003974
0.003935
0.003942
0.003981
0.004008
0.004036
0.004012
0.004015
0.004078
0.004095
0.004116
0.004105
0.004134
0.004187
0.004168
0.004184
0.004230
0.004257
0.004290
0.004314
0.004283
0.004330
0.004343
0.004350
0.004375
0.004402
0.004418
0.004443
0.004472
0.004471
0.004507
0.004497
0.004509
0.004599
0.004591
0.004628
0.004637
0.004655
0.004652
0.004719
0.004704
0.004714
0.004757
0.004762
0.004789
0.004842
0.005077
0.004884
0.004878
0.004894
0.004892
0.004946
0.004963
0.005002
0.005035
0.005046
0.005035
0.005062
0.005101
0.005070
0.005127
0.005156
0.005134
0.005175
0.005198
0.005229
0.005247
0.005271
0.005297
0.005287
0.005388
0.005345
0.005391
0.005357
0.005443
0.005448
0.005428
0.005468
0.005534
0.005544
0.005568
0.005586
0.005628
0.005607
0.005650
0.005699
0.005650
0.005677
0.005717
0.005710
0.005722
0.005789
0.005817
0.005823
0.005802
0.005858
0.005861
0.005891
0.005918
0.005942
0.005983
0.006036
0.005986
0.006034
0.006050
0.006070
0.006049
0.006149
0.006175
0.006119
0.006171
0.006161
0.006248
0.006220
0.006263
0.006258
0.006275
0.006356
0.006333
0.006391
0.006359
0.006428
0.006430
0.006458
0.006472
0.006512
0.006489
0.006490
0.006537
0.006576
0.006624
0.006600
0.006626
0.006665
0.006732
0.006738
0.006722
0.006789
0.006737
0.006735
0.006767
0.006877
0.006940
0.006870
0.006904
0.006930
0.006970
0.006985
0.007040
0.007010
0.007047
0.007038
0.007108
0.007067
0.007077
0.007132
0.007171
0.007183
0.007218
0.007229
0.007244
0.007270
0.007325
0.007357
0.007346
0.007348
0.007420
0.007408
0.007386
0.007438
0.007476
0.007475
0.007506
0.007487
0.007507
0.007513
0.007579
0.007613
0.007611
0.007657
0.007670
0.007691
0.007673
0.007738
0.007761
0.007839
0.007798
0.007875
0.007868
0.007831
0.007891
0.007926
0.007925
0.007933
0.007932
0.007959
0.008045
0.008051
0.008053
0.008109
0.008107
0.008132
0.008166
0.008118
0.008209
0.008156
0.008246
0.008220
0.008272
0.008289
0.008349
0.008375
0.008350
0.008367
0.008390
0.008403
0.008427
0.008468
0.008456
0.008486
0.008541
0.008572
0.008614
0.008606
0.008918
0.008709
0.008683
0.008741
0.008734
0.008752
0.008729
0.008841
0.008808
0.008794
0.008881
0.008871
0.008937
0.008925
0.008978
0.008946
0.008985
0.009004
0.009047
0.009087
0.009111
0.009135
0.009184
0.009165
0.009209
0.009209
0.009218
0.009255
0.009289
0.009268
0.009281
0.009301
0.009333
0.009306
0.009369
0.009369
0.009428
0.009452
0.009453
0.009501
0.009447
0.009515
0.009538
0.009595
0.009578
0.009615
0.009604
0.009625
0.009716
0.009667
0.009679
0.009732
0.009722
0.009748
0.009781
0.009860
0.009870
0.009887
0.010577
0.010386
0.009939
0.009957
0.009964
0.010007
0.010049
0.010016
0.010050
0.010137
0.010165
0.010133
0.010175
0.010191
0.010138
0.010202
0.010206
0.010194
0.010272
0.010301
0.010293
0.010344
0.010390
0.010406
0.010430
0.010520
0.010416
0.010438
0.010499
0.010493
0.010522
0.010578
0.010597
0.010593
0.012919
0.011351
0.011089
0.011451
0.010957
0.010762
0.010812
0.010792
0.010845
0.010808
0.010878
0.010901
0.010878
0.010933
0.010933
0.010871
0.010942
0.011017
0.011064
0.011011
0.011067
0.011125
0.011124
0.011104
0.011161
0.011205
0.011198
0.011228
0.011251
0.011344
0.011320
0.011381
0.011368
0.011358
0.011424
0.011525
0.011493
0.011524
0.011478
0.011623
0.011598
0.011656
0.011654
0.011647
0.011687
0.011703
0.011707
0.011770
0.011746
0.011762
0.011721
0.011839
0.011806
0.011831
0.011839
0.011819
0.011853
0.011942
0.011914
0.011923
0.012044
0.012007
0.012024
0.012021
0.011969
0.012123
0.012092
0.012139
0.012179
0.012160
0.012230
0.012208
0.012295
0.012326
0.012291
0.012288
0.012339
0.012374
0.013251
0.012341
0.012585
0.012534
0.012448
0.012456
0.025672
0.012626
0.012707
0.012777
0.012653
0.012638
0.012688
0.012855
0.013304
0.012704
0.012740
0.012746
0.012799
0.012864
0.012749
0.012882
0.012905
0.012918
0.012915
0.012949
0.012951
0.012985
0.013048
0.013020
0.013057
0.013048
0.013117
0.013952
0.013696
0.013147
0.013162
0.013367
0.013362
0.013619
0.013272
0.013286
0.013309
0.013273
0.013407
0.013399
0.013388
0.013531
0.013511
0.013572
0.013664
0.013569
0.013555
0.013623
0.014006
0.014348
0.014388
0.013827
0.013810
0.014254
0.013798
0.013728
0.013797
0.013775
0.013848
0.013836
0.013883
0.013987
0.013942
0.013987
0.013980
0.014023
0.014042
0.014037
0.014175
0.014182
0.014158
0.014098
0.014175
0.014142
0.014226
0.014306
0.014394
0.014304
0.014303
0.014609
0.014466
0.014453
0.014549
0.014481
0.014496
0.014489
0.014617
0.014582
0.014579
0.014626
0.014738
0.014652
0.014662
0.014714
0.014701
0.014683
0.014736
0.014718
0.014703
0.014712
0.014776
0.014987
0.014871
0.014974
0.014909
0.014952
0.014884
0.014936
0.014957
0.015043
0.015042
0.015028
0.015058
0.015082
0.015204
0.015092
0.015127
0.015250
0.015146
0.015298
0.015256
0.015286
0.015235
0.015321
0.015336
0.015383
0.015413
0.015556
0.016379
0.016104
0.015514
0.015633
0.015641
0.015666
0.015672
0.015648
0.015596
0.015716
0.015697
0.015781
0.015651
0.016476
0.017001
0.017024
0.016136
0.015921
0.015754
0.015845
0.015938
0.015952
0.015982
0.015909
0.016022
0.017348
0.016158
0.016085
0.016154
0.016234
0.016169
0.016157
0.016239
0.016226
0.016397
0.016283
0.016360
0.016349
0.016303
0.016293
0.016433
0.016583
0.016492
0.016407
0.016562
0.016587
0.016607
0.016720
0.016607
0.016615
0.016629
0.016860
0.016670
0.016764
0.016818
0.016669
0.016820
0.016814
0.016855
0.016742
0.016768
0.016715
0.016838
0.016808
0.016900
0.017160
0.016968
0.016964
0.016976
0.016996
0.017038
0.017058
0.017166
0.017214
0.017168
0.017171
0.017354
0.017217
0.017215
0.017332
0.017262
0.017337
0.017423
0.017460
0.017428
0.017311
0.017472
0.017439
0.017404
0.017503
0.017584
0.017582
0.017497
0.017579
0.017563
0.017665
0.017612
0.017757
0.017647
0.017709
0.017762
0.017833
0.017761
0.017805
0.017891
0.017956
0.017912
0.017932
0.017920
0.017903
0.018073
0.017988
0.018065
0.018077
0.018088
0.018063
0.018152
0.018049
0.018495
0.018238
0.018264
0.018246
0.018223
0.020147
0.018280
0.018273
0.018229
0.018332
0.018367
0.018407
0.018575
0.018383
0.018473
0.018530
0.018505
0.018622
0.018664
0.018755
0.018759
0.018670
0.018715
0.018646
0.018766
0.018731
0.018809
0.018803
0.018738
0.018840
0.018768
0.018866
0.018902
0.018833
0.018873
0.018996
0.019037
0.018932
0.018985
0.018962
0.019103
0.019067
0.019248
0.019147
0.019212
0.019317
0.019177
0.019189
0.019279
0.019317
0.019409
0.019395
0.019366
0.019458
0.019510
0.019502
0.019361
0.019442
0.019469
0.019534
0.019623
0.020762
0.019976
0.019567
0.019633
0.019633
0.019744
0.020048
0.019826
0.019907
0.020009
0.019946
0.019913
0.020034
0.020073
0.020064
0.020044
0.020272
0.019996
0.020027
0.019935
0.020087
0.020118
0.020091
0.020158
0.020171
0.020254
0.020360
0.020426
0.020301
0.020398
0.020357
0.020452
0.020585
0.020554
0.020653
0.020570
0.020611
0.020565
0.020593
0.020617
0.020711
0.020882
0.020779
0.020799
0.020900
0.020829
0.020939
0.020808
0.020852
0.020910
0.020987
0.020986
0.021077
0.021045
0.021061
0.021008
0.021082
0.021077
0.021118
0.021196
0.021199
0.021221
0.021130
0.021257
0.021300
0.021392
0.021314
0.021332
0.021301
0.021298
0.021404
0.021346
0.021217
0.021348
0.021348
0.021408
0.021303
0.021479
0.021472
0.021420
0.021381
0.021571
0.021473
0.021594
0.021572
0.021671
0.021682
0.021680
0.021893
0.021768
0.021788
0.021753
0.021781
0.021707
0.021722
0.021834
0.021875
0.021800
0.022149
0.022075
0.021918
0.022134
0.022006
0.022086
0.022002
0.022069
0.022102
0.022163
0.022138
0.022150
0.022252
0.022189
0.022258
0.022276
0.022233
0.022284
0.022378
0.022311
0.022383
0.022476
0.022551
0.022563
0.022605
0.022473
0.022607
0.022557
0.022444
0.022623
0.022580
0.022635
0.022701
0.022668
0.022942
0.022840
0.022854
0.022961
0.022818
0.022930
0.022817
0.022855
0.022914
0.022944
0.023005
0.023067
0.023058
0.023096
0.023067
0.022996
0.023011
0.023164
0.023252
0.023138
0.023175
0.023271
0.023246
0.023108
0.023265
0.023483
0.023288
0.023361
0.023432
0.023511
0.023407
0.023552
0.024023
0.023544
0.025839
0.023493
0.023698
0.023660
0.023778
0.023773
0.023839
0.023758
0.023822
0.023887
0.023894
0.023901
0.023909
0.023914
0.023905
0.023906
0.024018
0.023955
0.023967
0.024083
0.024018
0.024036
0.024128
0.025305
0.024186
0.024145
0.024274
0.024263
0.024275
0.024363
0.024140
0.024318
0.024259
0.024368
0.024460
0.024308
0.024284
0.024423
0.024360
0.024448
0.024556
0.024501
0.024569
0.024569
0.024709
0.024599
0.024703
0.024708
0.024584
0.024803
0.024768
0.024835
0.024886
0.024806
0.026233
0.024867
0.024776
0.024861
0.024897
0.027003
0.034364
0.025262
0.025209
0.025286
0.025281
0.025200
0.025056
0.024933
0.025073
0.025233
0.025174
0.025231
0.025124
0.025243
0.025417
0.025413
0.025370
0.025403
0.025583
0.025387
0.025446
0.025702
0.025670
0.025699
0.025665
0.025763
0.025865
0.025853
0.025855
0.025749
0.025938
0.025946
0.025999
0.025953
0.025923
0.025972
0.025980
0.025992
0.026181
0.028062
0.026114
0.026029
0.026103
0.026011
0.026131
0.026117
0.026047
0.026143
0.027851
0.026374
0.026266
0.026370
0.026361
0.026347
0.026427
0.026378
0.026475
0.026507
0.026475
0.026411
0.026438
0.026499
0.026531
0.026555
0.026565
0.026522
0.026616
0.026767
0.026669
0.026827
0.026757
0.026730
0.026752
0.026815
0.026864
0.026870
0.026966
0.026919
0.026969
0.026937
0.026900
0.027069
0.027081
0.027096
0.027023
0.027106
0.027106
0.027112
0.027030
0.027178
0.027437
0.027625
0.028323
0.028033
0.027846
0.027874
0.027738
0.027917
0.027655
0.027517
0.027569
0.027587
0.027694
0.027678
0.027751
0.027680
0.027786
0.027731
0.027902
0.027834
0.027859
0.027868
0.027785
0.027995
0.027936
0.027926
0.028073
0.028028
0.027960
0.028107
0.028085
0.028066
0.028017
0.028132
0.028744
0.028358
0.028150
0.028113
0.028188
0.028083
0.028021
0.028101
0.028271
0.028400
0.028563
0.028398
0.030986
0.030112
0.029133
0.028826
0.028691
0.028564
0.028667
0.028487
0.028789
0.028722
0.028921
0.028694
0.028751
0.028939
0.028808
0.028944
0.028996
0.028836
0.028944
0.028848
0.028868
0.029030
0.029024
0.029055
0.029046
0.029135
0.029292
0.029154
0.030609
0.029109
0.029002
0.029132
0.029057
0.029033
0.028983
0.029083
0.029743
0.029212
0.029240
0.029308
0.029407
0.029340
0.029411
0.029280
0.029440
0.029596
0.030795
0.029452
0.029547
0.029402
0.029489
0.029615
0.029700
0.029786
0.029825
0.029931
0.029891
0.029707
0.029798
0.029880
0.029963
0.030016
0.029907
0.029842
0.029757
0.029818
0.029968
0.029890
0.030096
0.030066
0.030338
0.030261
0.030360
0.030321
0.030364
0.030361
0.030424
0.030358
0.030251
0.030387
0.030763
0.030459
0.030318
0.030312
0.030381
0.030369
0.031833
0.030609
0.030718
0.046010
0.034280
0.031112
0.031941
0.030681
0.030933
0.030917
0.030878
0.030783
0.030926
0.031070
0.031326
0.032910
0.033482
0.032011
0.034651
0.036445
0.033341
0.034448
0.033618
0.031572
0.031289
0.031848
0.032056
0.031810
0.032028
0.032177
0.031785
0.032222
0.032118
0.032143
0.032270
0.032111
0.032174
0.031528
0.032176
0.031973
0.032211
0.032847
0.032599
0.032719
0.032686
0.032530
0.032532
0.032645
0.032442
0.032507
0.032668
0.032602
0.032667
0.032708
0.032692
0.032794
0.032268
0.032056
0.032036
0.032097
0.032052
0.032598
0.032066
0.032213
0.031911
0.032744
0.032180
0.032224
0.032124
0.032219
0.032010
0.032162
0.032119
0.032056
0.032809
0.032228
0.032181
0.032258
0.032505
0.032343
0.032294
0.032329
0.032501
0.032538
0.035286
0.032814
0.032764
0.032866
0.032798
0.032868
0.032812
0.032894
0.033012
0.032908
0.032997
0.032994
0.032848
0.033022
0.032880
0.033066
0.033023
0.033114
0.034147
0.044583
0.033181
0.035785
0.033136
0.033115
0.033246
0.033153
0.033266
0.033297
0.033514
0.033704
0.033545
0.033550
0.033653
0.033739
0.033800
0.033779
0.033451
0.033419
0.033474
0.033411
0.033494
0.033571
0.033816
0.033547
0.033650
0.033640
0.033768
0.033960
0.033832
0.034042
0.033847
0.033876
0.034007
0.034291
0.033926
0.033852
0.034078
0.034560
0.034017
0.033974
0.034092
0.034205
0.034042
0.034076
0.034314
0.034110
0.034075
0.034177
0.034231
0.034376
0.034539
0.034375
0.034465
0.034460
0.034619
0.037132
0.037295
0.041848
0.034704
0.034580
0.040852
0.035112
0.035020
0.034937
0.035006
0.034926
0.034913
0.037334
0.034996
0.034971
0.035308
0.038174
0.034999
0.036793
0.034780
0.034999
0.035096
0.034906
0.034965
0.035231
0.034981
0.034989
0.035056
0.035050
0.035157
0.035113
0.035004
0.035159
0.035271
0.035330
0.035940
0.035335
0.035196
0.035395
0.035284
0.035434
0.035814
0.038859
0.035580
0.035737
0.035744
0.035807
0.035578
0.035574
0.035677
0.036468
0.035625
0.036071
0.036109
0.035885
0.035871
0.036154
0.036114
0.036032
0.036166
0.036031
0.036286
0.036203
0.036308
0.036204
0.036248
0.036290
0.036008
0.036203
0.036148
0.036618
0.036198
0.036377
0.036177
0.036215
0.036170
0.036253
0.036304
0.036426
0.036388
0.036644
0.036694
0.036561
0.036492
0.041314
0.038396
0.037320
0.036606
0.040763
0.038538
0.041556
0.060634
0.043176
0.039548
0.037018
0.036839
0.036781
0.036768
0.047550
0.039384
0.038574
0.036803
0.037054
0.037082
0.037253
0.036918
0.037196
0.037082
0.037157
0.037085
0.043229
0.037132
0.037394
0.037224
0.037445
0.037070
0.037149
0.037298
0.037449
0.037569
0.037640
0.037404
0.037253
0.037413
0.037780
0.037511
0.037512
0.037548
0.037815
0.037714
0.037640
0.040611
0.038358
0.038774
0.038192
0.038141
0.038340
0.037731
0.037999
0.038039
0.037920
0.038083
0.038146
0.039678
0.038060
0.038178
0.038203
0.039462
0.038002
0.038422
0.038342
0.038179
0.038383
0.038427
0.038326
0.038570
0.038519
0.038485
0.038782
0.042255
0.038544
0.038524
0.038456
0.038476
0.038564
0.038498
0.038505
0.038511
0.038936
0.038691
0.038817
0.039015
0.038937
0.039012
0.038821
0.039089
0.038989
0.039284
0.039234
0.038945
0.039142
0.038932
0.039107
0.039019
0.039186
0.039044
0.039121
0.039262
0.039280
0.039176
0.039117
0.089206
0.043195
0.039651
0.039627
0.039304
0.039330
0.039436
0.039414
0.046412
0.039628
0.039716
0.039712
0.039689
0.040019
0.040041
0.089258
0.042332
0.040627
0.039898
0.039910
0.039829
0.039772
0.039785
0.039870
0.039923
0.039895
0.040130
0.039828
0.039981
0.040010
0.040364
0.039981
0.040054
0.043666
0.040100
0.040257
0.040237
0.043537
0.040773
0.040324
0.040301
0.040577
0.040420
0.040437
0.040522
0.040865
0.040728
0.040694
0.040821
0.040580
0.040798
0.040646
0.040874
0.041011
0.041086
0.040972
0.043089
0.040591
0.040552
0.040923
0.040668
0.040931
0.040864
0.046260
0.046252
0.046219
0.046088
0.040945
0.041402
0.041160
0.040944
0.040887
0.041265
0.042675
0.041176
0.041077
0.042146
0.043080
0.041543
0.041427
0.041638
0.046650
0.041848
0.041221
0.041151
0.041951
0.041573
0.042047
0.042107
0.041324
0.041679
0.041534
0.042739
0.041688
0.041809
0.041746
0.041893
0.042007
0.041574
0.041759
0.041727
0.041972
0.041774
0.042368
0.042787
0.043107
0.044435
0.045657
0.048853
0.042839
0.044596
0.042027
0.042113
0.042013
0.041884
0.042152
0.041939
0.042249
0.041980
0.042235
0.042098
0.042212
0.042247
0.042193
0.042419
0.042862
0.046586
0.042659
0.042256
0.042673
0.042503
0.042817
0.042664
0.042804
0.042880
0.042827
0.042829
0.045345
0.042604
0.042628
0.042547
0.042703
0.072498
0.042876
0.043105
0.042815
0.043012
0.045335
0.043080
0.043088
0.042920
0.043230
0.042966
0.043241
0.042941
0.043086
0.043344
0.043464
0.043347
0.044168
0.043423
0.043349
0.043363
0.043419
0.045149
0.043665
0.043516
0.043866
0.043433
0.043549
0.049869
0.044103
0.043638
0.043733
0.043644
0.043775
0.048046
0.043821
0.043707
0.047587
0.043818
0.043975
0.043966
0.044283
0.043979
0.044182
0.044469
0.044291
0.044240
0.044387
0.044453
0.044586
0.044277
0.044145
0.044549
0.044702
0.046742
0.044338
0.044429
0.044281
0.044286
0.044334
0.044243
0.044389
0.044475
0.044531
0.044290
0.044526
0.044804
0.044704
0.044403
0.044396
0.044773
0.044991
0.044505
0.044627
0.044977
0.045183
0.044703
0.045338
0.044890
0.045151
0.045335
0.045056
0.046087
0.045226
0.045276
0.045264
0.045204
0.045311
0.045181
0.045231
0.045404
0.045456
0.045684
0.045445
0.045475
0.045700
0.045588
0.045314
0.045213
0.045515
0.045532
0.045374
0.055536
0.048332
0.054642
0.046504
0.051745
0.045835
0.045719
0.046077
0.046243
0.045926
0.045957
0.046107
0.050396
0.046113
0.045889
0.045746
0.046174
0.045880
0.046419
0.045896
0.045888
0.045884
0.046763
0.046516
0.046572
0.046542
0.046421
0.046492
0.046461
0.046413
0.046442
0.046340
0.059824
0.053315
0.049054
0.048536
0.046852
0.046551
0.046670
0.047944
0.046730
0.055126
0.046625
0.048523
0.046992
0.046876
0.047138
0.047250
0.046755
0.046549
0.046621
0.047207
0.047114
0.046951
0.046974
0.046865
0.046873
0.047349
0.047035
0.046851
0.046899
0.047168
0.047765
0.047154
0.047033
0.046916
0.047498
0.047792
0.047380
0.047302
0.047508
0.049850
0.047449
0.047119
0.047582
0.047355
0.047354
0.048178
0.047582
0.047839
0.047782
0.047748
0.047671
0.047608
0.047552
0.047743
0.047587
0.047754
0.047885
0.047646
0.047611
0.047884
0.047725
0.047855
0.047962
0.047836
0.048229
0.049116
0.048415
0.053265
0.053648
0.048223
0.051268
0.048188
0.048149
0.048044
0.048282
0.048237
0.048217
0.048502
0.048849
0.048316
0.048381
0.048373
0.048516
0.048816
0.048547
0.048593
0.048514
0.048565
0.048643
0.048521
0.048750
0.048736
0.048985
0.048613
0.048909
0.048902
0.048971
0.049177
0.048853
0.048941
0.048920
0.048844
0.049140
0.049072
0.053655
0.049406
0.048868
0.049022
0.049289
0.049087
0.049206
0.049290
0.049138
0.049089
0.049776
0.049379
0.049289
0.049592
0.049472
0.049489
0.049486
0.049584
0.049432
0.050052
0.049814
0.050258
0.049854
0.049942
0.049931
0.050132
0.049968
0.049847
0.049885
0.050096
0.050183
0.049850
0.052848
0.049889
0.049822
0.050183
0.049990
0.050041
0.050109
0.050185
0.049756
0.049929
0.050200
0.050235
0.050106
0.050315
0.050254
0.050140
0.050265
0.050631
0.050203
0.050861
0.051222
0.050528
0.050493
0.050486
0.050663
0.050441
0.050590
0.050735
0.050644
0.050645
0.050674
0.050388
0.050608
0.050719
0.050779
0.050793
0.051195
0.050731
0.050833
0.050666
0.051020
0.051448
0.051418
0.051376
0.051437
0.051143
0.051073
0.050936
0.051049
0.051341
0.051155
0.050953
0.052017
0.051743
0.051811
0.051627
0.051727
0.051685
0.051477
0.051863
0.051645
0.058801
0.066108
0.057293
0.060296
0.056072
0.051734
0.051738
0.051413
0.053650
0.052228
0.052066
0.052047
0.058976
0.052247
0.052035
0.055927
0.052022
0.052025
0.052024
0.052194
0.052542
0.052119
0.052434
0.052259
0.052153
0.052379
0.052328
0.058131
0.052453
0.051943
0.051938
0.052110
0.051951
0.052212
0.053567
0.053208
0.053049
0.052811
0.052874
0.052638
0.052688
0.052952
0.052921
0.052776
0.052383
0.052353
0.052500
0.052413
0.052793
0.052463
0.052933
0.052521
0.052651
0.052983
0.053231
0.053086
0.053257
0.053379
0.053420
0.053255
0.053910
0.053066
0.053642
0.053506
0.053116
0.053215
0.053307
0.064355
0.071112
0.061999
0.067249
0.054260
0.053723
0.053355
0.063831
0.059896
0.053544
0.059631
0.053882
0.053824
0.060151
0.053795
0.053702
0.053423
0.053666
0.053631
0.053719
0.054046
0.055100
0.054252
0.054015
0.053878
0.053673
0.055390
0.054186
0.054468
0.054662
0.054571
0.054398
0.054465
0.054404
0.054392
0.054604
0.054323
0.054180
0.054264
0.054160
0.054888
0.054411
0.054199
0.054149
0.054275
0.054475
0.054494
0.054266
0.054400
0.054598
0.054255
0.054379
0.054393
0.054861
0.054636
0.054653
0.054618
0.055121
0.054532
0.054642
0.054744
0.054831
0.054684
0.054937
0.054857
0.054749
0.054680
0.055005
0.054880
0.054815
0.055326
0.055323
0.055044
0.059777
0.055565
0.060188
0.055287
0.055184
0.065795
0.055117
0.055182
0.055197
0.055911
0.065089
0.055294
0.055339
0.055557
0.055616
0.063626
0.055705
0.055527
0.055729
0.055435
0.055618
0.055446
0.056154
0.056127
0.055925
0.058747
0.055806
0.055881
0.055691
0.055876
0.056087
0.061335
0.055731
0.056047
0.055836
0.056006
0.055845
0.056003
0.056296
0.056048
0.056203
0.055947
0.073065
0.066537
0.056415
0.059780
0.056515
0.056367
0.056250
0.056797
0.056848
0.056780
0.056457
0.057729
0.056445
0.056377
0.056579
0.056466
0.099892
0.056945
0.061820
0.057309
0.057032
0.056807
0.056384
0.057317
0.056965
0.056931
0.063645
0.057294
0.057454
0.056764
0.056934
0.057150
0.057195
0.057195
0.061580
0.057594
0.057788
0.057511
0.058052
0.057863
0.057682
0.057538
0.057661
0.057974
0.057738
0.057917
0.057999
0.058240
0.057274
0.057893
0.074461
0.065366
0.065844
0.064468
0.058144
0.057465
0.057762
0.057715
0.058074
0.062406
0.064177
0.057956
0.058474
0.057637
0.058115
0.057936
0.058592
0.057880
0.057846
0.058628
0.059183
0.059077
0.058108
0.058273
0.058373
0.058252
0.057982
0.059267
0.059022
0.058587
0.058554
0.060423
0.058615
0.058548
0.058566
0.058561
0.058462
0.058565
0.058219
0.058549
0.058677
0.058587
0.063632
0.058793
0.058775
0.058821
0.058820
0.064110
0.058996
0.058888
0.058976
0.058877
0.058703
0.058952
0.059195
0.060078
0.059136
0.058963
0.058996
0.059022
0.059077
0.059025
0.058832
0.059357
0.059135
0.059861
0.059346
0.059652
0.059513
0.059504
0.059372
0.059662
0.059274
0.059654
0.059455
0.059844
0.059990
0.060172
0.060146
0.060361
0.060093
0.059979
0.059718
0.068199
0.066087
0.061283
0.059930
0.060775
0.059851
0.059953
0.060480
0.060179
0.062646
0.091997
0.061093
0.060130
0.060253
0.060334
0.060273
0.059809
0.060125
0.127395
0.135284
0.063967
0.060414
0.075137
0.076233
0.084141
0.088341
0.067304
0.068446
0.060480
0.061464
0.064654
0.061820
0.060917
0.060818
0.082099
0.061324
0.061097
0.060852
0.061109
0.061067
0.061038
0.061069
0.061880
0.060824
0.061260
0.061198
0.061000
0.061121
0.061112
0.068428
0.061510
0.061136
0.061736
0.061747
0.061273
0.061270
0.067807
0.061444
0.061280
0.061088
0.093969
0.061825
0.061511
0.060985
0.061576
0.061269
0.061469
0.061372
0.062191
0.061536
0.061853
0.061986
0.061874
0.061901
0.062256
0.062444
0.082688
0.062341
0.063058
0.061970
0.063017
0.062537
0.062133
0.063311
0.063060
0.062837
0.062789
0.062684
0.062640
0.062968
0.062760
0.062591
0.063229
0.062854
0.062715
0.062570
0.062536
0.062694
0.062207
0.062315
0.063158
0.062796
0.062202
0.062525
0.062673
0.062491
0.062877
0.063313
0.062618
0.062661
0.063391
0.063950
0.063277
0.063220
0.062801
0.063383
0.063420
0.063366
0.063343
0.063362
0.063474
0.063469
0.063426
0.063253
0.062921
0.063087
0.063307
0.063220
0.063141
0.065952
0.063131
0.063028
0.063422
0.063780
0.063521
0.064145
0.064011
0.087004
0.063845
0.063913
0.064688
0.063535
0.063960
0.063636
0.063763
0.063954
0.076133
0.063805
0.063458
0.063926
0.063922
0.065457
0.064417
0.063933
0.064534
0.064088
0.064487
0.064215
0.064252
0.064350
0.064053
0.064058
0.064302
0.064485
0.064750
0.064699
0.067462
0.073711
0.064357
0.064199
0.064023
0.064671
0.064400
0.064360
0.064204
0.077429
0.066493
0.075926
0.064976
0.065246
0.064799
0.064647
0.064879
0.066238
0.064894
0.067239
0.064288
0.064776
0.064852
0.064988
0.065151
0.064971
0.064953
0.065059
0.064723
0.064889
0.065407
0.065090
0.064775
0.064899
0.065190
0.065087
0.065010
0.065845
0.065487
0.065487
0.068142
0.065462
0.065101
0.065336
0.066747
0.065870
0.065786
0.066105
0.065900
0.065974
0.065796
0.066807
0.066030
0.065985
0.065523
0.065848
0.065575
0.065744
0.066192
0.065678
0.065834
0.066398
0.065844
0.070480
0.066014
0.066737
0.065934
0.065871
0.065905
0.067955
0.066940
0.066428
0.067280
0.066397
0.066677
0.066638
0.066776
0.066840
0.066892
0.067458
0.066498
0.066859
0.066473
0.066194
0.066504
0.066100
0.066796
0.066771
0.068044
0.066739
0.066502
0.066673
0.066381
0.066656
0.066963
0.067013
0.067541
0.067541
0.067601
0.067000
0.066980
0.066623
0.066685
0.067438
0.067112
0.067254
0.072667
0.067246
0.067123
0.067609
0.067558
0.067715
0.068474
0.068209
0.068181
0.067362
0.074089
0.067485
0.067536
0.067460
0.067484
0.067460
0.067572
0.067643
0.067584
0.068116
0.067984
0.067961
0.068176
0.068333
0.068663
0.067714
0.067811
0.070144
0.078947
0.087777
0.080276
0.083462
0.077604
0.081065
0.069056
0.084517
0.068990
0.077802
0.068440
0.068652
0.068147
0.068164
0.071106
0.068975
0.068705
0.068255
0.068493
0.067833
0.068316
0.068430
0.068281
0.068596
0.080639
0.068399
0.068558
0.073049
0.068779
0.071763
0.069266
0.068819
0.068693
0.069302
0.068836
0.068678
0.069168
0.069374
0.069737
0.071204
0.069579
0.069948
0.069219
0.070558
0.069239
0.068980
0.069971
0.069387
0.069280
0.069394
0.070588
0.068877
0.069590
0.069621
0.069302
0.069155
0.069261
0.069682
0.069381
0.092680
0.084466
0.081807
0.068814
0.069579
0.074022
0.070339
0.070054
0.069437
0.070185
0.069639
0.069860
0.069788
0.069392
0.070089
0.090913
0.072366
0.070552
0.071946
0.070541
0.071119
0.072237
0.070277
0.070393
0.071204
0.071193
0.069898
0.070548
0.070134
0.070321
0.109549
0.073378
0.075381
0.070775
0.070807
0.070683
0.076712
0.087009
0.081812
0.074988
0.070541
0.070385
0.071403
0.071877
0.071074
0.070636
0.070641
0.070411
0.070567
0.070726
0.070611
0.070250
0.071119
0.070896
0.071059
0.071346
0.071424
0.070917
0.071332
0.071635
0.071154
0.071071
0.071054
0.071857
0.075174
0.072100
0.077653
0.070823
0.071110
0.071185
0.071587
0.072144
0.071016
0.071742
0.071116
0.071556
0.071343
0.071177
0.071943
0.071360
0.071613
0.074076
0.072590
0.072339
0.071780
0.084844
0.071581
0.071739
0.071789
0.071868
0.071826
0.071925
0.071769
0.095429
0.084805
0.073253
0.073359
0.072237
0.072330
0.072404
0.072571
0.072621
0.073270
0.074767
0.072076
0.071791
0.072420
0.072865
0.072677
0.073218
0.073136
0.072706
0.073818
0.073310
0.072402
0.072763
0.072578
0.072618
0.072369
0.072873
0.072637
0.073335
0.073295
0.073262
0.073453
0.073503
0.073596
0.073392
0.073614
0.073649
0.074701
0.073673
0.077732
0.072860
0.091531
0.114355
0.083695
0.073278
0.073520
0.073993
0.072896
0.081866
0.073997
0.073469
0.073690
0.074599
0.073398
0.088449
0.074066
0.073792
0.074170
0.075311
0.074198
0.074112
0.076973
0.078635
0.075342
0.073703
0.073829
0.096016
0.090313
0.074326
0.073662
0.074563
0.073979
0.079545
0.074709
0.074521
0.074848
0.075919
0.083523
0.079859
0.074311
0.074833
0.074534
0.075141
0.074384
0.075335
0.075254
0.074853
0.075298
0.075020
0.075037
0.079209
0.074734
0.074695
0.074515
0.074438
0.074591
0.074578
0.074575
0.074713
0.074464
0.076764
0.074508
0.076969
0.075003
0.074773
0.074852
0.075766
0.075214
0.075048
0.075402
0.074878
0.074976
0.075857
0.075114
0.075119
0.076231
0.075543
0.075863
0.075828
0.075590
0.075323
0.075130
0.075622
0.075450
0.075377
0.075678
0.075643
0.075275
0.076239
0.075811
0.076058
0.076023
0.075656
0.076557
0.076270
0.076352
0.075994
0.075885
0.076554
0.076364
0.076254
0.077265
0.076587
0.076475
0.076415
0.076569
0.076789
0.076984
0.075755
0.075887
0.075893
0.076254
0.080702
0.076582
0.076417
0.076604
0.076142
0.076401
0.076265
0.077135
0.077597
0.077099
0.077181
0.076787
0.076986
0.076947
0.077098
0.077326
0.077489
0.077986
0.076704
0.077126
0.078115
0.076909
0.077007
0.077730
0.077811
0.077150
0.077839
0.076661
0.076810
0.077864
0.076776
0.076620
0.078464
0.077081
0.076932
0.078479
0.080206
0.084240
0.077649
0.086578
0.089964
0.084313
0.077553
0.079221
0.077720
0.077927
0.078137
0.077251
0.077837
0.077480
0.077673
0.077791
0.078018
0.077631
0.078137
0.078040
0.077289
0.078059
0.077521
0.077854
0.077788
0.077898
0.077789
0.085154
0.078239
0.078112
0.078428
0.078306
0.078216
0.078560
0.078311
0.082761
0.080178
0.078675
0.078740
0.079148
0.078457
0.078548
0.085051
0.098133
0.083466
0.078543
0.078787
0.079166
0.078394
0.090821
0.080012
0.079038
0.079193
0.078652
0.078600
0.078330
0.079050
0.078843
0.078848
0.079383
0.083561
0.079287
0.079513
0.078882
0.079263
0.078853
0.078782
0.082494
0.078908
0.081408
0.079912
0.078987
0.078838
0.080012
0.079094
0.079001
0.079512
0.079409
0.080700
0.080123
0.079806
0.079864
0.079886
0.079545
0.079866
0.080181
0.080051
0.080311
0.079823
0.079069
0.080358
0.080076
0.079684
0.079926
0.079930
0.079997
0.088653
0.079739
0.079930
0.080840
0.080105
0.081461
0.080571
0.080605
0.080744
0.080251
0.080372
0.080820
0.080737
0.080896
0.081417
0.080837
0.080788
0.082321
0.080103
0.080143
0.080676
0.080453
0.096076
0.123117
0.100192
0.080819
0.085775
0.080679
0.081569
0.080511
0.080563
0.080373
0.082209
0.080544
0.080430
0.087503
0.080480
0.080547
0.081119
0.080875
0.081150
0.080967
0.080863
0.080860
0.081125
0.081191
0.082878
0.081596
0.081537
0.082258
0.081796
0.081926
0.081573
0.081828
0.081815
0.081793
0.081368
0.081510
0.081919
0.082183
0.083514
0.082230
0.081709
0.082626
0.081808
0.097303
0.082004
0.081852
0.081458
0.081670
0.081823
0.083681
0.082480
0.082410
0.082498
0.082558
0.082516
0.088163
0.082912
0.082739
0.082517
0.082568
0.083258
0.092003
0.082184
0.082627
0.082076
0.082115
0.082829
0.088176
0.083233
0.082779
0.083146
0.083221
0.082961
0.082332
0.082869
0.082761
0.082762
0.083030
0.082641
0.082546
0.082783
0.082828
0.083429
0.082970
0.085487
0.083069
0.083068
0.090998
0.083036
0.083094
0.083902
0.083493
0.082899
0.083689
0.083870
0.083545
0.082667
0.082908
0.083589
0.083106
0.103584
0.130307
0.098540
0.083201
0.083662
0.085131
0.083519
0.083893
0.084216
0.083365
0.084557
0.083828
0.083890
0.084118
0.083553
0.083607
0.084887
0.110586
0.132140
0.090183
0.087074
0.083741
0.101854
0.089501
0.083853
0.084417
0.084075
0.096596
0.085025
0.084784
0.085020
0.085434
0.091328
0.084406
0.084249
0.084558
0.084430
0.084311
0.092740
0.084278
0.084455
0.084842
0.084174
0.084244
0.084672
0.084483
0.084684
0.085852
0.085093
0.085829
0.085334
0.085797
0.100373
0.085862
0.085591
0.085686
0.085425
0.085360
0.085752
0.085686
0.085309
0.085839
0.086442
0.085790
0.085646
0.085586
0.085686
0.085670
0.085187
0.085566
0.086950
0.086003
0.090735
0.085699
0.086259
0.085880
0.085538
0.085260
0.086099
0.085296
0.085664
0.086328
0.086284
0.095921
0.086918
0.094322
0.085517
0.086147
0.086307
0.085628
0.086074
0.087117
0.086470
0.085865
0.085618
0.085750
0.085954
0.086430
0.086469
0.089369
0.086487
0.093132
0.086959
0.086807
0.088276
0.086768
0.086599
0.086829
0.086441
0.086416
0.086975
0.086473
0.088407
0.086626
0.086164
0.086090
0.087144
0.086257
0.086275
0.087085
0.087270
0.086607
0.086270
0.087473
0.086850
0.088273
0.087350
0.087929
0.088231
0.087775
0.088260
0.088160
0.087893
0.088237
0.087838
0.088284
0.087771
0.087043
0.088614
0.087111
0.087093
0.087347
0.087113
0.087492
0.087880
0.087454
0.088102
0.086880
0.087662
0.087871
0.087704
0.089728
0.087959
0.087569
0.087406
0.088040
0.088450
0.087821
0.088109
0.087669
0.087961
0.087840
0.088717
0.088504
0.089687
0.088951
0.096922
0.101125
0.090947
0.088111
0.088362
0.089805
0.089300
0.093244
0.089223
0.088806
0.090173
0.087657
0.088065
0.089348
0.088019
0.088264
0.131545
0.090448
0.089831
0.088846
0.089666
0.101566
0.089890
0.088753
0.088839
0.088257
0.089018
0.090430
0.088823
0.088574
0.089479
0.089247
0.091892
0.090131
0.089179
0.090240
0.089452
0.090831
0.089142
0.089410
0.089535
0.090947
0.091164
0.089284
0.100959
0.089759
0.089066
0.100548
0.090160
0.089435
0.089464
0.090117
0.090717
0.089520
0.089621
0.089948
0.090050
0.090370
0.110874
0.097602
0.090775
0.089858
0.090127
0.090559
0.090384
0.090040
0.090666
0.090693
0.090408
0.090375
0.090021
0.090117
0.096985
0.093894
0.090689
0.090448
0.095226
0.090683
0.090487
0.090620
0.090022
0.090649
0.090329
0.090115
0.091084
0.090689
0.099489
0.092612
0.090215
0.090487
0.091210
0.091493
0.092196
0.091874
0.091645
0.091345
0.103875
0.090995
0.090905
0.092208
0.091022
0.090959
0.090478
0.091312
0.092755
0.091087
0.091524
0.091694
0.091360
0.091293
0.091608
0.091181
0.091526
0.091808
0.091473
0.091525
0.092148
0.091787
0.091370
0.162607
0.091161
0.092683
0.092032
0.093261
0.092298
0.091354
0.091680
0.092509
0.092782
0.091932
0.091772
0.092765
0.091929
0.092604
0.092661
0.092182
0.097621
0.092133
0.091980
0.092065
0.092787
0.093026
0.092254
0.091942
0.091914
0.093499
0.092704
0.103687
0.093694
0.093435
0.093655
0.092928
0.093072
0.092336
0.093554
0.092789
0.092344
0.094967
0.092993
0.092966
0.092512
0.093414
0.094256
0.092703
0.092371
0.092413
0.093060
0.094082
0.092943
0.093389
0.094487
0.093608
0.095883
0.093743
0.095118
0.093008
0.094036
0.093304
0.093878
0.094408
0.093872
0.094412
0.094425
0.094777
0.094705
0.094135
0.094482
0.094004
0.093349
0.093427
0.093942
0.094733
0.093735
0.094219
0.094676
0.097095
0.095350
0.094791
0.094859
0.094095
0.095088
0.094617
0.094329
0.095736
0.095418
0.096008
0.094407
0.094193
0.094038
0.097227
0.094126
0.094472
0.093717
0.094671
0.094449
0.094353
0.095284
0.097856
0.095198
0.094711
0.095432
0.096893
0.095227
0.095500
0.096847
0.095584
0.094961
0.095652
0.095476
0.095271
0.096130
0.095437
0.095889
0.095450
0.094486
0.094658
0.095914
0.094906
0.094985
0.095646
0.095504
0.095685
0.096232
0.098185
0.096034
0.096200
0.095534
0.095812
0.095232
0.095514
0.096757
0.096029
0.096274
0.096473
0.095332
0.095289
0.096197
0.095918
0.096315
0.097656
0.095201
0.095480
0.095933
0.095897
0.095985
0.097347
0.096410
0.096736
0.097246
0.096308
0.097159
0.097608
0.096326
0.096225
0.095871
0.095396
0.096368
0.096501
0.096190
0.097084
0.096355
0.096106
0.096023
0.096105
0.096135
0.098111
0.099271
0.097121
0.096769
0.097356
0.119389
0.098916
0.098618
0.096999
0.096929
0.096514
0.096699
0.096663
0.096941
0.097674
0.096879
0.096852
0.096864
0.096104
0.097229
0.096602
0.106425
0.096320
0.097085
0.097295
0.099904
0.097095
0.097671
0.097956
0.097333
0.097907
0.096538
0.097847
0.097313
0.097006
0.097788
0.098009
0.097220
0.097752
0.118809
0.097727
0.126582
0.098602
0.116369
0.099736
0.097770
0.098226
0.097782
0.099043
0.098090
0.100290
0.102973
0.099183
0.104566
0.098038
0.097395
0.097766
0.098202
0.097251
0.098583
0.098786
0.098516
0.098017
0.150803
0.108633
0.116144
0.098401
0.098095
0.098782
0.108889
0.100321
0.099204
0.099276
0.099862
0.100739
0.098203
0.098639
0.177098
0.098741
0.099808
0.112738
0.101761
0.098188
0.098919
0.099099
0.099109
0.099638
0.098652
0.101754
0.099588
0.103025
0.099348
0.099779
0.099730
0.100505
0.100190
0.099628
0.100685
0.099532
0.099628
0.099715
0.099383
0.099043
0.102814
0.099002
0.099775
0.100411
0.099490
0.099715
0.100565
0.100957
0.099667
0.100003
0.223871
0.102656
0.100256
0.251737
0.100532
0.100239
0.148060
0.100758
0.101047
0.100720
0.101535
0.100883
0.100886
0.100634
0.100628
0.100518
0.100129
0.100694
0.100785
0.105613
0.100869
0.100379
0.100733
0.100552
0.100555
0.101998
0.100566
0.099550
0.101090
0.101164
0.102860
0.101472
0.101493
0.101225
0.100755
0.099982
0.099854
0.122603
0.113636
0.101000
0.113930
0.100879
0.101982
0.101276
0.101481
0.103310
0.100534
0.101554
0.100921
0.100721
0.101003
0.101178
0.101143
0.101234
0.101760
0.101962
0.103320
0.102096
0.126503
0.104035
0.102509
0.101869
0.104511
0.101641
0.102264
0.102440
0.102559
0.119763
0.102948
0.101527
0.104619
0.123467
0.103287
0.103278
0.103136
0.102168
0.103162
0.101750
0.101996
0.105125
0.102070
0.102565
0.101967
0.110095
0.102404
0.101980
0.109442
0.103364
0.102826
0.102618
0.102227
0.102677
0.105383
0.103908
0.104059
0.104240
0.103873
0.103849
0.103059
0.106975
0.120976
0.103124
0.104279
0.115006
0.104098
0.103958
0.103374
0.104591
0.103878
0.103693
0.104874
0.104924
0.103652
0.103798
0.105151
0.103429
0.104274
0.105083
0.103734
0.103717
0.103309
0.103983
0.103825
0.103172
0.104304
0.103713
0.103992
0.103403
0.116182
0.133323
0.116451
0.103635
0.103538
0.108627
0.104914
0.104190
0.104985
0.105123
0.106428
0.108982
0.107118
0.104493
0.115475
0.104808
0.106759
0.104595
0.109336
0.105372
0.105069
0.104983
0.104960
0.104041
0.105748
0.104923
0.104867
0.104778
0.106157
0.105828
0.106232
0.107365
0.106706
0.106543
0.105532
0.105530
0.106045
0.106370
0.105606
0.105573
0.104854
0.105265
0.106310
0.104500
0.106566
0.104386
0.105452
0.104221
0.106903
0.104866
0.105603
0.145632
0.127226
0.118876
0.108901
0.112143
0.118899
0.214713
0.248692
0.106940
0.111140
0.155058
0.133788
0.141678
0.159273
0.136209
0.142349
0.145424
0.157228
0.141041
0.129036
0.123507
0.121639
0.114287
0.111504
0.110309
0.123157
0.128335
0.129626
0.110475
0.129421
0.120266
0.131105
0.123617
0.164964
0.106326
0.128803
0.121314
0.146707
0.113065
0.108776
0.106782
0.142567
0.127535
0.108386
0.128586
0.145715
0.164691
0.139879
0.109546
0.140732
0.121485
0.107882
0.120969
0.144457
0.132467
0.131775
0.147892
0.111259
0.107551
0.125559
0.107889
0.107130
0.108421
0.107323
0.110890
0.111069
0.110544
0.116608
0.107815
0.111895
0.107835
0.108221
0.107693
0.108061
0.111940
0.107609
0.153423
0.108798
0.114783
0.129312
0.108905
0.109007
0.108631
0.109093
0.109341
0.108919
0.110183
0.109374
0.108529
0.108474
0.108818
0.108222
0.108577
0.109476
0.108934
0.108150
0.113984
0.120965
0.108295
0.107982
0.115567
0.152895
0.108875
0.145956
0.126269
0.110041
0.108863
0.129704
0.127197
0.108797
0.109786
0.109357
0.110753
0.108906
0.108957
0.119427
0.109081
0.109657
0.110075
0.171650
0.109382
0.183721
0.163462
0.141870
0.131603
0.122419
0.109667
0.109052
0.113390
0.109809
0.111169
0.122280
0.111484
0.127860
0.114085
0.110630
0.128169
0.118721
0.130334
0.125157
0.110293
0.109944
0.163820
0.166489
0.149678
0.180105
0.112748
0.138482
0.139151
0.111393
0.165589
0.130242
0.152209
0.124895
0.147015
0.157009
0.139051
0.138298
0.130094
0.114456
0.157673
0.166652
0.124735
0.126503
0.111385
0.113521
0.112964
0.174733
0.125595
0.112039
0.115786
0.153631
0.151920
0.146864
0.120605
0.137708
0.115232
0.156520
0.135362
0.154597
0.143158
0.118588
0.115709
0.113944
0.118851
0.115320
0.115188
0.115009
0.140828
0.139380
0.119584
0.113466
0.111690
0.111405
0.110770
0.113556
0.112607
0.111569
0.113002
0.111761
0.111486
0.113252
0.153045
0.120999
0.122755
0.132991
0.114328
0.110743
0.130334
0.132153
0.122149
0.125655
0.141481
0.120334
0.140494
0.115676
0.113615
0.114979
0.125375
0.137690
0.124766
0.113379
0.113448
0.130278
0.113475
0.112211
0.113560
0.112528
0.112579
0.130671
0.113553
0.129275
0.112643
0.112436
0.113570
0.112007
0.114387
0.146791
0.135331
0.111705
0.112616
0.113656
0.112412
0.125477
0.114396
0.112826
0.113237
0.113717
0.113178
0.112030
0.112808
0.113453
0.113398
0.113375
0.112904
0.113082
0.113842
0.113756
0.113033
0.113471
0.113766
0.115345
0.114266
0.113438
0.113660
0.113200
0.113093
0.114797
0.114146
0.114632
0.113003
0.114189
0.113057
0.113562
0.115102
0.114293
0.114505
0.115611
0.115547
0.115007
0.115053
0.115320
0.117034
0.115729
0.132723
0.133874
0.126962
0.115401
0.116194
0.115826
0.113720
0.115425
0.114109
0.116163
0.115904
0.115479
0.124373
0.117626
0.114444
0.114565
0.114135
0.118978
0.116570
0.116283
0.142353
0.114429
0.115040
0.114134
0.115910
0.114627
0.114238
0.115385
0.114308
0.114541
0.115290
0.119263
0.157874
0.118660
0.118514
0.162127
0.118904
0.115191
0.177555
0.146612
0.140668
0.117508
0.117667
0.116140
0.116264
0.115983
0.154204
0.138887
0.118065
0.116611
0.121332
0.116026
0.116754
0.115459
0.115432
0.116107
0.116032
0.115695
0.118394
0.116768
0.122752
0.127905
0.122261
0.120884
0.117110
0.117498
0.119387
0.164798
0.130323
0.142039
0.151762
0.144953
0.144265
0.117338
0.128049
0.116564
0.117417
0.116965
0.135148
0.118729
0.131229
0.121904
0.152566
0.129476
0.142824
0.153335
0.135907
0.163475
0.118656
0.172834
0.159184
0.148740
0.126911
0.122395
0.124224
0.142976
0.157189
0.144415
0.120628
0.121223
0.122018
0.127466
0.119210
0.153296
0.174564
0.197064
0.144113
0.118395
0.167627
0.136184
0.153075
0.117878
0.120892
0.150524
0.136669
0.140402
0.118350
0.125021
0.118262
0.117494
0.118047
0.120227
0.119933
0.124356
0.121172
0.120911
0.127806
0.118596
0.119246
0.117847
0.118491
0.117448
0.117534
0.118726
0.124084
0.118803
0.122765
0.120988
0.119851
0.118901
0.119308
0.118940
0.119001
0.118054
0.118503
0.119451
0.148092
0.122317
0.128939
0.120315
0.118720
0.119499
0.129968
0.120221
0.123075
0.121129
0.124887
0.119441
0.120393
0.119418
0.120027
0.121201
0.122099
0.120294
0.120009
0.122589
0.118918
0.124756
0.119129
0.123035
0.128807
0.119241
0.119866
0.119401
0.124144
0.125866
0.125247
0.120180
0.121713
0.121112
0.121737
0.122229
0.120192
0.123423
0.120982
0.125084
0.124301
0.122150
0.126699
0.124180
0.121527
0.124187
0.142460
0.119970
0.121748
0.120705
0.120555
0.122256
0.120949
0.128740
0.122329
0.122827
0.122760
0.121750
0.122043
0.121936
0.126085
0.121393
0.122401
0.125750
0.123302
0.122718
0.121603
0.123273
0.120543
0.122190
0.121229
0.122065
0.122887
0.122364
0.124967
0.135647
0.142378
0.126342
0.124266
0.142729
0.121071
0.122932
0.122193
0.122165
0.128498
0.123595
0.124982
0.122607
0.122463
0.124968
0.124870
0.124696
0.123546
0.130435
0.122968
0.122347
0.121647
0.121658
0.122898
0.121680
0.128572
0.121739
0.123199
0.121255
0.123581
0.123793
0.123087
0.126604
0.133950
0.125031
0.123377
0.123580
0.124303
0.122837
0.123607
0.122496
0.128513
0.127895
0.123003
0.126323
0.124659
0.126030
0.125082
0.131355
0.123993
0.124869
0.125039
0.124939
0.126453
0.133143
0.126818
0.122974
0.124209
0.123574
0.122566
0.123615
0.125220
0.129822
0.124673
0.124900
0.124210
0.124209
0.123464
0.123359
0.129240
0.123404
0.125565
0.125510
0.124596
0.124660
0.122959
0.129012
0.123325
0.125274
0.123876
0.124202
0.124743
0.124448
0.129164
0.126152
0.127582
0.125337
0.124738
0.124906
0.124034
0.130659
0.125742
0.124751
0.124523
0.125198
0.127135
0.132009
0.132126
0.125419
0.125382
0.127689
0.130423
0.126752
0.124362
0.125038
0.124382
0.124455
0.130653
0.123520
0.127541
0.125730
0.126116
0.161419
0.138039
0.127144
0.126002
0.138005
0.131543
0.126829
0.128136
0.136534
0.126135
0.132266
0.124343
0.127501
0.126666
0.126227
0.126497
0.126825
0.130503
0.128859
0.126700
0.127804
0.128124
0.127970
0.126691
0.128471
0.128942
0.159419
0.127840
0.129871
0.126864
0.128818
0.129593
0.128580
0.128599
0.130249
0.124976
0.130390
0.126189
0.125956
0.129828
0.125342
0.129766
0.126836
0.126735
0.126499
0.126700
0.130481
0.125937
0.126874
0.134751
0.139880
0.128362
0.128673
0.128969
0.134708
0.126755
0.127715
0.128265
0.127781
0.126926
0.127772
0.132915
0.130217
0.127720
0.128110
0.128578
0.133411
0.129133
0.128547
0.152570
0.172788
0.131643
0.150163
0.205824
0.151162
0.127441
0.128473
0.140948
0.142709
0.126228
0.128460
0.127534
0.128438
0.132541
0.147271
0.129000
0.128326
0.130018
0.132005
0.128467
0.128756
0.128382
0.129827
0.133419
0.129195
0.143777
0.129201
0.128911
0.135670
0.131163
0.129360
0.132260
0.133205
0.136047
0.133304
0.129139
0.132608
0.129187
0.133893
0.128986
0.129473
0.129148
0.128952
0.133678
0.128757
0.128754
0.131023
0.130119
0.133290
0.130299
0.129086
0.129178
0.129156
0.132137
0.129227
0.132905
0.129946
0.131086
0.134942
0.129599
0.128218
0.129883
0.128709
0.132869
0.129173
0.130508
0.129799
0.129635
0.135559
0.168522
0.165054
0.130923
0.131837
0.156218
0.131383
0.129883
0.130419
0.129655
0.135091
0.138108
0.144353
0.141633
0.135143
0.138013
0.136168
0.132975
0.132550
0.178740
0.183915
0.191318
0.164843
0.165885
0.158864
0.138170
0.165399
0.134208
0.136332
0.132070
0.131272
0.131724
0.131492
0.131979
0.143783
0.133317
0.132125
0.131296
0.131364
0.136568
0.135235
0.131763
0.139603
0.158378
0.131617
0.133657
0.132487
0.133307
0.131122
0.133438
0.133632
0.132236
0.132850
0.133493
0.131855
0.132204
0.132227
0.146747
0.132914
0.132002
0.167072
0.131138
0.131243
0.137066
0.131805
0.132689
0.134076
0.133239
0.134504
0.132639
0.132019
0.132274
0.132915
0.147378
0.133400
0.132146
0.131898
0.132258
0.134446
0.131867
0.192924
0.177022
0.190352
0.137876
0.172084
0.157905
0.218902
0.188368
0.205892
0.194984
0.138240
0.143324
0.136765
0.140478
0.135559
0.160640
0.187450
0.202169
0.163217
0.138808
0.161621
0.154460
0.138054
0.141065
0.181278
0.154340
0.193640
0.154244
0.135162
0.135278
0.160281
0.134802
0.134714
0.137550
0.136286
0.136178
0.134899
0.143389
0.157900
0.160782
0.170100
0.171591
0.153429
0.134681
0.169252
0.146715
0.133344
0.134338
0.135864
0.137607
0.143136
0.152704
0.134647
